ENSG00000187608.8	-1.0734329147910218	-1.2556834299331134	-0.994457883209753	0.696439159927908	-0.4591118518508644	0.3749571865725574	1.517142265248579	-1.8696066471189023	0.9694761138489096	-0.119833070008577	-2.5031972666378133	0.2058308057019291	1.622878480524913	0.5737250914765051	0.3014427191934921	-0.4082680091714618	0.933098272929634	0.0115693116601175	0.4250925196181335	-1.1447621646036692	1.7506860712521692	2.5031972666378124	-0.0733363561686276	0.4849774976336413	-1.966587642839119	1.7160447833608958	-1.4932008664512426	1.033139839838658	-1.046382183092732	0.450558625227596	-0.5111717913763268	-2.160044423184283	0.0578775648112103	-0.6769123962942973	-1.0071844300291466	-0.096558615289639	0.957209469364422	-0.2533471031357997	0.4763203722078865	-0.3832445328878139	-0.2216127135254519	-0.493671124086536	0.5828415072712162	1.4700860074244937	0.4082680091714616	0.1353847355175168	0.9212439502193468	1.222447458586713	-0.0810720977640595	-0.3420574044903942	2.0866136000540974	0.6480956661018107	-1.75068607125217	-1.517142265248579	1.2728340855266451	0.9818903991119532	0.8416212335729143	0.5111717913763268	1.4260768722728474	1.5419862988544464	-0.6386096176206588	-0.6012217380735386	0.1822524470122185	0.7262389341471894	0.3666955130421411	-1.5678202959084404	-0.7063025628400874	-0.1744161009377025	0.8306810290976713	0.5288304435432458	-0.8416212335729142	1.1905096133284865	-0.2374500153774605	-1.1012928299140692	0.5024022233733555	0.6291806899198488	-1.3083069146403563	0.1043103344831641	-0.2933812321211932	-0.8979151835449687	0.3998991895536145	-0.0424325931613663	0.2613194691426085	-0.9450851920025288	-1.115548645864071	-0.6672454178513608	1.046382183092732	2.247385754686025	1.1597420454353515	-0.809093201549562	1.827049629469658	1.787565387920245	-0.5024022233733555	0.096558615289639	-0.2693084792003651	0.6672454178513606	0.0269977376590844	-0.1353847355175167	-0.4335498147072649
ENSG00000188157.14	1.6523582633698064	-0.8638099378582048	-0.1431726287923528	-0.2533471031357997	0.8750651434029384	0.2853387665130725	-0.3666955130421411	0.190100001084691	-1.2556834299331134	-1.3266775070350318	-0.4335498147072649	0.7363159173761297	0.6386096176206589	-0.7262389341471894	-0.7773995516089012	0.2058308057019291	-1.033139839838658	-2.7394693011353435	-0.6104881942258346	-1.0200762327862014	-0.119833070008577	0.8416212335729143	0.4936711240865359	-0.7670077241545666	-0.2295241681823971	0.1120683267630459	1.23889437958136	-0.7566980735568707	1.0734329147910218	2.247385754686025	1.2728340855266451	-0.1509692154967772	-2.5031972666378133	0.6104881942258346	1.96658764283912	0.9450851920025288	0.245390807323279	-0.0733363561686276	1.5947451783462454	0.383244532887814	-0.0810720977640595	-0.3915582848228038	0.4676987991145084	1.3455070738160948	-0.9095176924325932	0.3915582848228037	-0.3832445328878139	-0.7063025628400874	-1.4477309603333306	0.4166655212801166	0.7878760170254153	-0.0038563607500418	-1.5678202959084404	-1.470086007424494	-0.2058308057019291	1.1597420454353515	-0.450558625227596	1.1012928299140692	-1.1905096133284865	0.1979592799698482	0.809093201549562	0.1509692154967774	-0.4763203722078866	-1.75068607125217	-0.564656110410974	-1.23889437958136	0.119833070008577	0.3257475240477463	0.5737250914765051	-0.2453908073232792	-0.3257475240477464	-1.1300348536185385	-0.333891361701239	0.0424325931613663	2.0866136000540974	-0.6866430509241719	0.5828415072712162	-0.809093201549562	1.1749867920660904	0.6769123962942973	-0.852663110013538	0.6672454178513606	-1.5419862988544464	-0.1353847355175167	1.3846685297022652	0.7773995516089012	-1.827049629469658	1.0200762327862014	-1.7160447833608958	1.5678202959084404	-1.517142265248579	-0.6576403958252243	1.1447621646036683	-0.2933812321211932	0.0810720977640594	-1.3846685297022652	1.6833482640036084	0.657640395825224	1.0872573835362356
ENSG00000078369.17	-0.7984396794697326	-0.4166655212801166	-0.933098272929634	2.0866136000540974	-0.5377216491828647	-1.3083069146403563	0.4082680091714616	-0.2933812321211932	1.0071844300291466	1.222447458586713	0.4676987991145084	-1.033139839838658	2.022963380998988	0.933098272929634	0.8306810290976713	1.493200866451242	0.7363159173761297	-0.3095238443483213	1.290367539673776	-2.160044423184283	1.1447621646036683	0.7878760170254153	-0.7262389341471894	1.622878480524913	0.9450851920025288	0.0578775648112103	-0.1979592799698482	-0.1665904510092061	0.7262389341471894	-0.0192829508957121	-1.4050715603096329	-0.0810720977640595	0.8979151835449687	-0.7566980735568707	-0.6866430509241719	0.1353847355175168	0.8416212335729143	-1.059810609325424	0.809093201549562	-0.0733363561686276	-0.809093201549562	0.3095238443483211	-0.0115693116601176	-0.4082680091714618	-0.696439159927908	-1.0071844300291466	0.3176252338584812	0.9212439502193468	0.2853387665130725	-0.5466555687662383	1.115548645864071	0.5828415072712162	-2.356228884885076	-0.3502463214132924	0.245390807323279	-0.5828415072712162	0.5466555687662384	-2.5031972666378133	1.9158466693962373	0.886432309090155	0.9818903991119532	-0.8979151835449687	-0.0424325931613663	0.9694761138489096	1.3083069146403563	0.2058308057019291	-0.564656110410974	-0.6198073708182489	-1.290367539673776	-0.3014427191934919	1.1012928299140692	1.6833482640036084	0.4420382345285433	-0.3832445328878139	-0.119833070008577	1.046382183092732	0.3257475240477463	0.957209469364422	-2.0866136000540965	1.255683429933113	1.1300348536185385	0.0501535834647336	1.033139839838658	-1.2728340855266451	-0.8306810290976713	-0.5556333347222873	0.5024022233733555	0.2933812321211934	0.657640395825224	0.5737250914765051	1.3455070738160948	0.8198393553985739	-1.517142265248579	-0.096558615289639	0.1276050449767611	2.247385754686025	0.383244532887814	-1.5947451783462447	-1.75068607125217
ENSG00000067606.16	0.4420382345285433	0.1276050449767611	0.3502463214132924	-0.1744161009377025	1.1012928299140692	0.3420574044903942	-0.696439159927908	0.1509692154967774	-0.6769123962942973	0.3584587932511938	0.1822524470122185	0.8638099378582046	-0.4166655212801166	-1.75068607125217	-0.7670077241545666	1.23889437958136	-1.3266775070350318	-1.1447621646036692	-0.7363159173761294	0.6198073708182489	-0.6480956661018106	-0.3014427191934919	0.4166655212801166	-1.4932008664512426	0.1043103344831641	-1.517142265248579	0.9694761138489096	-2.5031972666378133	0.4936711240865359	0.994457883209753	-0.4849774976336414	0.9095176924325932	-0.9095176924325932	-0.2933812321211932	0.5024022233733555	1.1447621646036683	-0.8750651434029384	-0.5828415072712162	-0.096558615289639	1.3648261673056925	0.0578775648112103	0.7464682314580263	1.6523582633698064	2.0866136000540974	-0.8306810290976713	1.5947451783462454	-1.4050715603096329	-1.5419862988544464	-0.5466555687662383	0.3014427191934921	0.096558615289639	-0.4676987991145082	0.657640395825224	-0.2295241681823971	-0.7262389341471894	-0.4250925196181335	-0.3420574044903942	0.1587749900867135	-1.0872573835362347	-0.2374500153774605	2.160044423184284	0.5920066223547552	-0.5111717913763268	-0.9694761138489096	-2.0229633809989878	0.5556333347222874	-0.0810720977640595	0.2613194691426085	-0.6104881942258346	-0.3666955130421411	1.0872573835362356	-1.0071844300291466	0.4591118518508645	-0.3176252338584813	1.1905096133284865	-1.9158466693962373	0.6104881942258346	2.7394693011353426	1.0200762327862014	0.6769123962942973	-0.746468231458026	1.96658764283912	-1.0734329147910218	0.2137151057976029	1.115548645864071	0.9450851920025288	-1.5947451783462447	-0.450558625227596	-0.994457883209753	1.3266775070350318	-1.3648261673056918	-0.7878760170254153	0.1120683267630459	0.245390807323279	-0.5377216491828647	-1.4477309603333306	0.8198393553985739	0.3666955130421411	-0.0115693116601176
ENSG00000157933.9	-0.2933812321211932	-0.0656050007226638	-0.034714131630724	0.3176252338584812	-0.2693084792003651	-1.6523582633698055	0.7878760170254153	0.4591118518508645	1.8696066471189023	-1.827049629469658	-1.1012928299140692	-2.7394693011353435	-0.809093201549562	1.4050715603096329	2.3562288848850748	0.5111717913763268	0.8979151835449687	1.0872573835362356	1.5419862988544464	-0.8416212335729142	1.4700860074244937	-0.1822524470122185	0.1276050449767611	0.9212439502193468	-0.3666955130421411	1.7160447833608958	-0.7363159173761294	1.1597420454353515	-0.096558615289639	-0.2137151057976028	0.8638099378582046	-0.7670077241545666	0.994457883209753	0.0578775648112103	-1.046382183092732	-0.7063025628400874	0.9818903991119532	0.5024022233733555	0.5920066223547552	0.1822524470122185	-0.1979592799698482	0.6198073708182489	-0.6291806899198484	-1.75068607125217	0.6769123962942973	-2.356228884885076	1.033139839838658	0.8750651434029384	1.44773096033333	-0.4335498147072649	-0.4591118518508644	-2.160044423184283	0.119833070008577	0.696439159927908	1.222447458586713	0.5646561104109737	-0.2453908073232792	-1.4260768722728474	1.3455070738160948	0.0888126939688977	-0.493671124086536	-1.3648261673056918	0.4763203722078865	0.6866430509241719	1.493200866451242	-0.0424325931613663	-0.4676987991145082	0.1744161009377025	0.450558625227596	0.3998991895536145	0.3420574044903942	1.5678202959084404	-0.3584587932511938	0.5288304435432458	-1.2556834299331134	1.046382183092732	0.166590451009206	-0.0733363561686276	-1.2224474585867124	-1.9158466693962373	1.622878480524913	-0.6104881942258346	1.255683429933113	-1.7875653879202458	-0.7262389341471894	-0.9450851920025288	1.0071844300291466	-0.0192829508957121	0.5466555687662384	-0.6198073708182489	0.383244532887814	0.6386096176206589	-1.23889437958136	-0.746468231458026	0.5828415072712162	1.1012928299140692	-0.3998991895536146	-1.4477309603333306	-2.5031972666378133
ENSG00000157916.19	1.3266775070350318	0.3257475240477463	0.4420382345285433	-0.5288304435432458	1.44773096033333	1.255683429933113	-1.7875653879202458	-0.1822524470122185	-0.6012217380735386	0.6104881942258346	0.3915582848228037	0.716235163656892	-0.9572094693644218	-1.3648261673056918	-1.1447621646036692	1.787565387920245	-1.23889437958136	-0.2453908073232792	-0.4082680091714618	1.222447458586713	-1.2063247253493694	-0.5828415072712162	-0.1431726287923528	-0.2137151057976028	-0.1587749900867137	-2.0229633809989878	0.0115693116601175	-0.7363159173761294	0.3095238443483211	2.3562288848850748	0.3666955130421411	0.2773147150218403	0.0733363561686278	0.8416212335729143	0.8750651434029384	0.5737250914765051	-0.933098272929634	-0.3998991895536146	-0.3915582848228038	1.622878480524913	0.6480956661018107	0.2058308057019291	1.5678202959084404	1.4260768722728474	-2.5031972666378133	1.4700860074244937	-1.8696066471189023	-1.2556834299331134	-1.059810609325424	0.0810720977640594	0.9694761138489096	-0.5377216491828647	0.450558625227596	-0.4763203722078866	-1.966587642839119	-0.5556333347222873	-0.4335498147072649	0.5466555687662384	-0.4166655212801166	-1.517142265248579	0.696439159927908	0.4166655212801166	-0.5024022233733555	-0.7670077241545666	-0.994457883209753	0.1276050449767611	0.4591118518508645	0.4849774976336413	-1.0872573835362347	0.1509692154967774	-0.0656050007226638	-0.2693084792003651	0.3014427191934921	0.190100001084691	1.290367539673776	-0.6291806899198484	0.3420574044903942	2.7394693011353426	0.383244532887814	0.8306810290976713	-0.3176252338584813	1.6523582633698064	-0.8198393553985739	0.3584587932511938	0.1120683267630459	0.3749571865725574	-1.1300348536185385	-0.886432309090155	-0.0038563607500418	0.1822524470122185	0.6672454178513606	-1.470086007424494	0.8526631100135379	0.034714131630724	-0.450558625227596	-0.3502463214132924	0.166590451009206	0.6198073708182489	0.7063025628400874
ENSG00000157873.17	0.0578775648112103	-0.3666955130421411	-0.2613194691426085	-1.5419862988544464	1.517142265248579	1.20632472534937	0.5111717913763268	-0.5199808490626915	-1.2224474585867124	-0.852663110013538	-0.7063025628400874	1.0200762327862014	0.6866430509241719	-1.6228784805249126	-0.6480956661018106	-0.333891361701239	0.2058308057019291	-2.7394693011353435	-0.7773995516089012	1.255683429933113	-0.6672454178513608	-0.4763203722078866	1.046382183092732	-1.1300348536185385	-0.7566980735568707	-0.2933812321211932	0.2773147150218403	-0.8750651434029384	-0.1665904510092061	0.3502463214132924	-1.2063247253493694	0.1120683267630459	-2.160044423184283	-0.450558625227596	0.5466555687662384	1.3266775070350318	-1.059810609325424	0.2374500153774604	0.1744161009377025	0.994457883209753	0.1979592799698482	-0.5828415072712162	1.4050715603096329	0.4676987991145084	-0.3095238443483213	1.23889437958136	-0.696439159927908	-0.886432309090155	-0.5377216491828647	-0.4676987991145082	0.6480956661018107	1.622878480524913	0.809093201549562	-0.3915582848228038	0.9694761138489096	1.493200866451242	0.886432309090155	2.0866136000540974	-2.0229633809989878	-0.3257475240477464	-0.2853387665130725	1.290367539673776	0.1276050449767611	-1.5678202959084404	-1.033139839838658	-1.470086007424494	-0.0578775648112101	0.4250925196181335	1.6523582633698064	0.2137151057976029	-0.7363159173761294	-1.3083069146403563	-0.6866430509241719	-0.4420382345285433	2.160044423184284	-0.7878760170254153	0.221612713525452	-0.4166655212801166	1.96658764283912	-0.4082680091714618	-1.7875653879202458	0.7773995516089012	-0.6198073708182489	-0.1744161009377025	0.5737250914765051	1.3083069146403563	-1.827049629469658	0.0656050007226639	-0.6291806899198484	-0.746468231458026	-1.23889437958136	0.1509692154967774	0.4849774976336413	-0.2533471031357997	-0.564656110410974	-1.9158466693962373	-0.3176252338584813	0.9212439502193468	0.6769123962942973
ENSG00000130762.14	1.1749867920660904	-0.096558615289639	0.096558615289639	0.3095238443483211	1.4700860074244937	1.7160447833608958	-0.6104881942258346	0.0192829508957121	-0.8979151835449687	0.2933812321211934	-0.0888126939688978	0.809093201549562	1.9158466693962373	-1.2556834299331134	-1.3648261673056918	-0.1822524470122185	-1.3266775070350318	-2.7394693011353435	-1.2224474585867124	0.5199808490626915	-1.470086007424494	-0.0501535834647336	-0.0656050007226638	-1.046382183092732	-0.1276050449767611	-0.8416212335729142	0.8198393553985739	-0.933098272929634	-0.0115693116601176	2.7394693011353426	-0.4166655212801166	0.7063025628400874	-1.827049629469658	0.383244532887814	0.5920066223547552	1.5947451783462454	-1.1300348536185385	-0.5199808490626915	-0.4250925196181335	1.046382183092732	0.3176252338584812	-0.3998991895536146	2.160044423184284	1.1597420454353515	-1.1447621646036692	0.5466555687662384	-0.696439159927908	-1.4050715603096329	-0.6866430509241719	0.2773147150218403	1.96658764283912	1.0200762327862014	-0.034714131630724	-0.333891361701239	-0.809093201549562	-0.0424325931613663	0.657640395825224	0.4082680091714616	-1.6523582633698055	-0.4849774976336414	0.886432309090155	1.0071844300291466	-0.4763203722078866	-0.8638099378582048	-1.8696066471189023	-0.4420382345285433	-0.2137151057976028	0.4763203722078865	-0.5288304435432458	-0.2693084792003651	-0.2533471031357997	-1.3455070738160948	0.1822524470122185	0.0115693116601175	1.5419862988544464	-0.852663110013538	-0.0038563607500418	0.0424325931613663	1.517142265248579	0.6291806899198488	-0.886432309090155	1.787565387920245	-1.7875653879202458	0.8638099378582046	0.3014427191934921	1.3455070738160948	-1.517142265248579	0.3502463214132924	-0.7773995516089012	0.2137151057976029	-1.75068607125217	-0.8198393553985739	1.20632472534937	0.2374500153774604	-0.5920066223547552	-1.5419862988544464	0.2295241681823972	0.3998991895536145	0.696439159927908
ENSG00000158109.14	-0.0115693116601176	-0.1509692154967772	-0.2058308057019291	0.1353847355175168	-0.3257475240477464	-1.3455070738160948	-0.8416212335729142	0.3749571865725574	-0.3584587932511938	0.5466555687662384	-0.0733363561686276	-0.4591118518508644	1.1447621646036683	1.20632472534937	0.0038563607500417	1.4700860074244937	-0.1276050449767611	-0.7363159173761294	1.96658764283912	-0.4849774976336414	0.096558615289639	-1.1300348536185385	0.8979151835449687	0.0192829508957121	0.5646561104109737	-0.3915582848228038	-0.1744161009377025	0.2533471031357997	1.255683429933113	1.5947451783462454	-2.0229633809989878	0.5556333347222874	0.8306810290976713	-0.7262389341471894	-0.2453908073232792	0.2374500153774604	1.827049629469658	-1.470086007424494	0.3257475240477463	0.9095176924325932	-0.1353847355175167	0.7464682314580263	0.5377216491828648	0.1431726287923529	-1.5947451783462447	-0.6012217380735386	-0.096558615289639	1.622878480524913	1.059810609325424	-0.6198073708182489	-0.0578775648112101	-1.75068607125217	-0.852663110013538	-0.450558625227596	-0.3666955130421411	-1.033139839838658	-1.115548645864071	-1.3846685297022652	2.3562288848850748	-0.5920066223547552	-0.0424325931613663	-0.0656050007226638	-0.8750651434029384	-0.5377216491828647	1.23889437958136	-0.3014427191934919	-0.809093201549562	-0.9818903991119536	-0.716235163656892	0.5024022233733555	0.450558625227596	1.6523582633698064	-0.2853387665130725	0.1276050449767611	0.3502463214132924	-0.0810720977640595	0.119833070008577	2.7394693011353426	-1.4260768722728474	0.994457883209753	1.3266775070350318	1.6833482640036084	2.022963380998988	-0.886432309090155	-0.190100001084691	-0.1120683267630459	0.5737250914765051	-1.7875653879202458	0.7063025628400874	-0.5737250914765053	2.5031972666378124	-1.966587642839119	-1.0872573835362347	-0.6576403958252243	1.3083069146403563	-1.059810609325424	-0.994457883209753	-0.8638099378582048	-0.7670077241545666
ENSG00000130764.9	0.5377216491828648	-0.3998991895536146	-0.7984396794697326	1.4700860074244937	0.7262389341471894	-1.0200762327862014	-1.6833482640036077	-1.3846685297022652	1.0200762327862014	-1.0734329147910218	-0.8638099378582048	0.1353847355175168	-2.7394693011353435	1.23889437958136	0.3502463214132924	1.6833482640036084	0.4335498147072649	-0.096558615289639	1.1749867920660904	1.222447458586713	-0.0269977376590844	-1.4050715603096329	0.7670077241545666	1.493200866451242	-1.3266775070350318	0.3584587932511938	-0.3420574044903942	1.2728340855266451	-0.5737250914765053	0.9212439502193468	-0.6672454178513608	-1.2728340855266451	1.827049629469658	-0.933098272929634	-0.2933812321211932	1.1012928299140692	2.3562288848850748	-1.1447621646036692	-0.4166655212801166	1.3266775070350318	-0.886432309090155	0.6866430509241719	0.3014427191934921	-0.0038563607500418	-1.1012928299140692	0.657640395825224	-0.3832445328878139	1.7506860712521692	0.034714131630724	-0.9450851920025288	-1.3455070738160948	-1.8696066471189023	0.2773147150218403	-0.1353847355175167	-1.2556834299331134	-1.3083069146403563	-2.356228884885076	-0.4250925196181335	1.20632472534937	-1.7160447833608958	-0.2773147150218403	0.0115693116601175	-1.1749867920660904	0.2058308057019291	0.957209469364422	0.166590451009206	-0.5466555687662383	0.4936711240865359	-1.7875653879202458	0.6291806899198488	-0.2216127135254519	2.0866136000540974	-0.0888126939688978	0.4591118518508645	-0.190100001084691	0.3095238443483211	0.4082680091714616	1.5678202959084404	-0.0115693116601176	-0.2374500153774605	1.9158466693962373	0.9450851920025288	1.787565387920245	-0.4420382345285433	-0.716235163656892	-0.3257475240477464	0.5920066223547552	-2.0229633809989878	1.290367539673776	0.1509692154967774	2.7394693011353426	-1.5947451783462447	-1.4477309603333306	-0.9818903991119536	1.033139839838658	0.5556333347222874	-0.5024022233733555	-0.5199808490626915	-0.1431726287923528
ENSG00000116251.9	-0.3176252338584813	0.0578775648112103	-0.5111717913763268	0.0424325931613663	-1.4477309603333306	-2.5031972666378133	1.1597420454353515	0.3915582848228037	1.115548645864071	-0.809093201549562	0.2773147150218403	0.034714131630724	0.2693084792003651	0.8638099378582046	1.5947451783462454	-0.3915582848228038	0.9212439502193468	0.957209469364422	0.7878760170254153	-0.4591118518508644	1.23889437958136	-0.5556333347222873	-0.5737250914765053	0.6480956661018107	0.9095176924325932	0.7773995516089012	-0.3014427191934919	0.5828415072712162	-0.5920066223547552	-1.2728340855266451	-0.994457883209753	-0.2533471031357997	1.290367539673776	-0.0733363561686276	-0.5024022233733555	-0.8750651434029384	1.493200866451242	-0.5828415072712162	-0.3749571865725573	-0.1431726287923528	0.0501535834647336	-0.1120683267630459	-0.564656110410974	0.2533471031357997	0.7063025628400874	0.2295241681823972	0.8306810290976713	1.9158466693962373	0.809093201549562	-0.1744161009377025	-1.5947451783462447	-0.9095176924325932	-0.8638099378582048	0.8416212335729143	1.1447621646036683	-1.290367539673776	-0.2613194691426085	-0.5466555687662383	2.5031972666378124	0.5199808490626915	0.6104881942258346	-0.0578775648112101	-0.1587749900867137	0.0810720977640594	1.4260768722728474	0.4763203722078865	-0.7566980735568707	0.1822524470122185	0.0038563607500417	0.2853387665130725	0.5920066223547552	2.160044423184284	0.166590451009206	0.696439159927908	-0.7984396794697326	-0.6480956661018106	0.3095238443483211	1.787565387920245	-2.356228884885076	-0.4676987991145082	2.022963380998988	0.1353847355175168	1.827049629469658	-1.3846685297022652	-1.0200762327862014	-1.059810609325424	1.1749867920660904	-0.0038563607500418	1.96658764283912	-1.75068607125217	2.7394693011353426	0.8750651434029384	-0.7363159173761294	0.190100001084691	1.7160447833608958	-0.4420382345285433	-1.2063247253493694	0.1587749900867135	-0.8416212335729142
ENSG00000097021.19	0.2374500153774604	-0.0733363561686276	-0.696439159927908	-0.1353847355175167	0.3095238443483211	0.3014427191934921	0.4763203722078865	-0.2693084792003651	1.0734329147910218	-0.5828415072712162	-2.7394693011353435	0.0501535834647336	0.5288304435432458	1.3455070738160948	1.9158466693962373	-0.1822524470122185	1.1597420454353515	0.4082680091714616	1.0200762327862014	-1.4932008664512426	1.115548645864071	0.3749571865725574	-0.5466555687662383	1.4050715603096329	-2.0229633809989878	2.022963380998988	-0.7063025628400874	0.9212439502193468	-0.716235163656892	1.5947451783462454	0.3176252338584812	-1.517142265248579	0.5199808490626915	0.3257475240477463	0.2058308057019291	-0.7773995516089012	1.046382183092732	-0.9450851920025288	-0.1509692154967772	0.0269977376590844	-2.0866136000540965	0.0888126939688977	0.0733363561686278	-0.0115693116601176	0.7984396794697326	0.2137151057976029	1.0872573835362356	0.9818903991119532	-0.2453908073232792	0.0038563607500417	0.5111717913763268	0.3584587932511938	-0.933098272929634	0.190100001084691	0.166590451009206	-0.2773147150218403	-0.1120683267630459	0.0656050007226639	1.0071844300291466	0.6012217380735386	-0.6104881942258346	-0.7670077241545666	0.2693084792003651	1.622878480524913	0.716235163656892	-0.3095238443483213	-1.5678202959084404	-0.2058308057019291	0.3502463214132924	0.7464682314580263	-0.5556333347222873	2.160044423184284	-0.3749571865725573	0.1120683267630459	-0.4166655212801166	0.9694761138489096	-0.493671124086536	-0.6386096176206588	-1.3846685297022652	-0.1276050449767611	1.20632472534937	-0.034714131630724	0.7878760170254153	-1.6523582633698055	-1.75068607125217	-0.5920066223547552	1.2728340855266451	-0.096558615289639	0.9095176924325932	-1.290367539673776	2.7394693011353426	0.6672454178513606	-1.827049629469658	-0.809093201549562	0.8198393553985739	1.1012928299140692	0.1431726287923529	-1.0071844300291466	-0.6480956661018106
ENSG00000171735.18	-1.046382183092732	-0.0656050007226638	-0.3666955130421411	1.5947451783462454	-1.115548645864071	-2.356228884885076	1.0071844300291466	0.245390807323279	2.022963380998988	0.4591118518508645	0.1043103344831641	-0.6012217380735386	0.7984396794697326	1.0872573835362356	0.933098272929634	0.5111717913763268	0.0269977376590844	1.4700860074244937	1.1447621646036683	-0.7773995516089012	1.5419862988544464	0.6672454178513606	-0.9572094693644218	0.0115693116601175	0.5199808490626915	0.696439159927908	0.3014427191934921	0.7262389341471894	0.6198073708182489	-1.0872573835362347	0.9212439502193468	-0.0888126939688978	1.44773096033333	-1.6228784805249126	-0.3832445328878139	-0.5111717913763268	1.96658764283912	0.2933812321211934	0.7670077241545666	0.5288304435432458	-1.7875653879202458	0.190100001084691	-0.3420574044903942	-1.0200762327862014	1.046382183092732	-0.6198073708182489	0.7063025628400874	1.787565387920245	1.23889437958136	-0.3584587932511938	0.4420382345285433	-1.033139839838658	-1.2224474585867124	-0.190100001084691	0.8979151835449687	-0.886432309090155	0.2374500153774604	-0.5466555687662383	1.493200866451242	0.8638099378582046	1.827049629469658	-0.7566980735568707	1.3648261673056925	0.0888126939688977	1.1300348536185385	0.333891361701239	-0.9694761138489096	0.1353847355175168	-0.2533471031357997	-0.5556333347222873	0.0810720977640594	2.3562288848850748	0.5466555687662384	-0.8306810290976713	-1.6523582633698055	0.1509692154967774	-0.4250925196181335	0.9095176924325932	-1.1749867920660904	0.4082680091714616	2.0866136000540974	-0.5199808490626915	1.2728340855266451	-2.5031972666378133	-0.0269977376590844	-0.3014427191934919	0.8306810290976713	0.4676987991145084	1.3266775070350318	0.5920066223547552	2.7394693011353426	-0.5737250914765053	0.1587749900867135	0.034714131630724	0.5737250914765051	-0.3998991895536146	-1.0734329147910218	-0.4676987991145082	-0.0810720977640595
ENSG00000049245.12	-0.6769123962942973	-0.2374500153774605	-1.290367539673776	-0.0038563607500418	-0.5111717913763268	-1.5678202959084404	0.8416212335729143	-0.0656050007226638	0.190100001084691	0.0115693116601175	0.0578775648112103	-1.4477309603333306	2.7394693011353426	1.517142265248579	0.8750651434029384	0.1822524470122185	1.046382183092732	0.5737250914765051	1.4260768722728474	-0.1509692154967772	1.7160447833608958	0.5199808490626915	0.0192829508957121	0.3749571865725574	0.450558625227596	1.1300348536185385	-0.3915582848228038	0.4166655212801166	0.1043103344831641	-1.0734329147910218	-1.1012928299140692	-0.1276050449767611	0.716235163656892	-0.852663110013538	-0.4849774976336414	-1.6228784805249126	1.4050715603096329	0.3502463214132924	-0.2853387665130725	-0.3666955130421411	-1.0200762327862014	0.1744161009377025	-0.119833070008577	-0.746468231458026	0.3095238443483211	-0.4763203722078866	0.957209469364422	1.622878480524913	0.8638099378582046	-1.2224474585867124	1.5419862988544464	0.7670077241545666	-0.2533471031357997	0.0733363561686278	0.9818903991119532	-0.5920066223547552	0.2137151057976029	-1.517142265248579	1.96658764283912	0.7566980735568705	-0.9572094693644218	-0.933098272929634	0.1120683267630459	0.7262389341471894	1.23889437958136	0.4591118518508645	-0.7984396794697326	-0.716235163656892	-0.2693084792003651	-0.493671124086536	0.696439159927908	2.0866136000540974	-0.6576403958252243	-0.190100001084691	0.096558615289639	0.7363159173761297	-0.4335498147072649	0.6104881942258346	-1.966587642839119	-0.5024022233733555	1.115548645864071	-0.5556333347222873	1.20632472534937	-1.75068607125217	-0.8750651434029384	-0.1979592799698482	1.222447458586713	1.033139839838658	0.657640395825224	-2.0229633809989878	2.5031972666378124	0.9095176924325932	-0.3014427191934919	-0.7363159173761294	1.3648261673056925	1.0872573835362356	-0.9818903991119536	-0.696439159927908	-1.1905096133284865
ENSG00000049249.8	-0.6866430509241719	0.5199808490626915	-0.0038563607500418	2.0866136000540974	0.6386096176206589	0.696439159927908	-0.5920066223547552	0.3257475240477463	-1.1597420454353515	0.9694761138489096	0.1979592799698482	1.0071844300291466	1.7160447833608958	-1.1905096133284865	0.7878760170254153	0.4420382345285433	-1.1300348536185385	-0.9818903991119536	-0.8750651434029384	-0.3666955130421411	-0.0501535834647336	-0.1043103344831641	-1.827049629469658	0.2058308057019291	0.4936711240865359	-0.6769123962942973	0.4676987991145084	-1.827049629469658	1.0200762327862014	0.7363159173761297	-1.2556834299331134	0.119833070008577	-0.190100001084691	-0.3095238443483213	-0.333891361701239	0.0424325931613663	-1.3846685297022652	-1.827049629469658	0.245390807323279	1.1749867920660904	0.4763203722078865	-0.852663110013538	0.4849774976336413	-0.3014427191934919	0.2137151057976029	0.2295241681823972	-0.8306810290976713	-0.5024022233733555	-1.827049629469658	-0.1822524470122185	1.493200866451242	2.247385754686025	-0.6198073708182489	-0.2613194691426085	-0.6012217380735386	1.1447621646036683	2.022963380998988	0.6480956661018107	-1.827049629469658	2.7394693011353426	-0.1509692154967772	0.0888126939688977	1.4700860074244937	-0.3257475240477464	-0.696439159927908	0.8979151835449687	1.517142265248579	0.4591118518508645	1.1300348536185385	0.2853387665130725	-0.7670077241545666	-1.827049629469658	-0.4420382345285433	-0.2216127135254519	1.20632472534937	-1.827049629469658	0.4250925196181335	-1.046382183092732	0.8416212335729143	1.8696066471189023	-0.7063025628400874	0.3584587932511938	-1.827049629469658	0.7566980735568705	0.957209469364422	0.6104881942258346	-1.4477309603333306	2.3562288848850748	-1.2728340855266451	-0.0115693116601176	-1.4260768722728474	0.0501535834647336	-0.3420574044903942	1.033139839838658	-0.4849774976336414	1.9158466693962373	0.0192829508957121	0.2374500153774604	0.7464682314580263
ENSG00000116288.12	0.7878760170254153	-0.3095238443483213	-0.1431726287923528	-1.0872573835362347	-0.2613194691426085	-0.933098272929634	-0.5828415072712162	-0.746468231458026	0.8198393553985739	0.5466555687662384	-1.1597420454353515	0.5828415072712162	-0.493671124086536	0.8638099378582046	0.2933812321211934	0.5737250914765051	0.7464682314580263	0.333891361701239	0.9450851920025288	-0.5556333347222873	0.5646561104109737	0.0888126939688977	0.4250925196181335	1.8696066471189023	0.0115693116601175	0.2137151057976029	-0.6576403958252243	0.9095176924325932	-0.190100001084691	0.7773995516089012	0.0656050007226639	-1.23889437958136	1.787565387920245	0.1431726287923529	-0.2295241681823971	-0.3998991895536146	1.2728340855266451	-1.7875653879202458	-0.8979151835449687	0.5111717913763268	-0.7773995516089012	0.190100001084691	0.7063025628400874	0.5556333347222874	0.034714131630724	0.5199808490626915	-0.0578775648112101	1.7506860712521692	-0.3666955130421411	0.1744161009377025	0.1276050449767611	-1.046382183092732	-1.517142265248579	-0.333891361701239	-1.3648261673056918	-1.5678202959084404	-1.3846685297022652	-0.8638099378582048	2.160044423184284	-0.096558615289639	1.1447621646036683	-0.5377216491828647	-0.2773147150218403	1.622878480524913	0.9212439502193468	0.0038563607500417	-1.0200762327862014	-0.6012217380735386	-1.470086007424494	-0.0269977376590844	-0.034714131630724	2.3562288848850748	0.221612713525452	-0.0810720977640595	-0.8416212335729142	0.7566980735568705	-0.4082680091714618	2.5031972666378124	-1.9158466693962373	-0.0733363561686276	1.6833482640036084	0.450558625227596	0.9818903991119532	-1.1300348536185385	-1.059810609325424	-1.115548645864071	2.022963380998988	-0.3502463214132924	2.0866136000540974	0.3420574044903942	2.7394693011353426	1.033139839838658	-1.2063247253493694	-0.5111717913763268	0.2853387665130725	0.8306810290976713	-0.4849774976336414	0.0733363561686278	0.0192829508957121
ENSG00000116285.12	-0.7773995516089012	0.383244532887814	-0.450558625227596	0.8306810290976713	-0.5288304435432458	-0.7984396794697326	-0.4082680091714618	1.1300348536185385	2.247385754686025	1.96658764283912	-0.4849774976336414	-1.9158466693962373	1.827049629469658	1.44773096033333	2.0866136000540974	0.2773147150218403	0.8526631100135379	0.333891361701239	0.7262389341471894	-0.3749571865725573	1.255683429933113	1.222447458586713	-2.160044423184283	0.9095176924325932	0.6769123962942973	0.9694761138489096	-0.4335498147072649	0.0192829508957121	-0.852663110013538	-0.6386096176206588	-0.3176252338584813	-0.3014427191934919	0.7063025628400874	-0.3095238443483213	-0.9818903991119536	-0.994457883209753	1.6833482640036084	-0.1353847355175167	-0.5111717913763268	0.4763203722078865	-0.7566980735568707	0.3176252338584812	-0.4676987991145082	-0.6291806899198484	1.1447621646036683	-0.0424325931613663	0.3257475240477463	1.23889437958136	0.5377216491828648	-0.8638099378582048	0.4591118518508645	0.3095238443483211	0.6866430509241719	0.6672454178513606	-0.5377216491828647	0.0501535834647336	1.9158466693962373	-2.247385754686027	0.9450851920025288	0.5556333347222874	-0.886432309090155	-0.7063025628400874	0.5466555687662384	0.2693084792003651	0.8750651434029384	0.696439159927908	-0.5828415072712162	-0.2933812321211932	0.2058308057019291	-0.493671124086536	0.0578775648112103	0.5288304435432458	0.0810720977640594	0.3666955130421411	-0.9095176924325932	0.4166655212801166	-0.3998991895536146	-0.9572094693644218	-1.1012928299140692	-0.8416212335729142	1.6523582633698064	-0.696439159927908	0.886432309090155	-1.0734329147910218	-1.033139839838658	-1.2224474585867124	1.2728340855266451	0.7464682314580263	0.6480956661018107	-1.1447621646036692	0.6291806899198488	-0.0269977376590844	-0.1822524470122185	-0.2613194691426085	1.046382183092732	1.4700860074244937	-1.115548645864071	-1.6228784805249126	-0.8750651434029384
ENSG00000142599.17	-0.6480956661018106	0.7566980735568705	0.3915582848228037	1.622878480524913	-0.7878760170254153	-0.886432309090155	-0.4849774976336414	0.3502463214132924	1.3846685297022652	-2.356228884885076	0.4250925196181335	-2.160044423184283	-2.7394693011353435	1.0071844300291466	0.6386096176206589	0.3257475240477463	1.0872573835362356	0.1353847355175168	1.827049629469658	0.6769123962942973	0.8979151835449687	-1.0734329147910218	-0.5377216491828647	1.0734329147910218	0.383244532887814	1.1749867920660904	-0.190100001084691	1.1012928299140692	-0.2374500153774605	0.0656050007226639	-0.7363159173761294	0.8638099378582046	0.886432309090155	-1.033139839838658	-0.9694761138489096	-0.0192829508957121	1.5947451783462454	-0.3584587932511938	-0.3014427191934919	0.4936711240865359	-0.5024022233733555	0.7984396794697326	-0.4082680091714618	0.2533471031357997	1.222447458586713	-0.493671124086536	0.5199808490626915	1.493200866451242	1.8696066471189023	-1.5678202959084404	-1.7875653879202458	-1.290367539673776	0.8750651434029384	0.696439159927908	0.3176252338584812	0.5111717913763268	-0.994457883209753	-1.1905096133284865	1.033139839838658	-1.6833482640036077	0.0810720977640594	-0.933098272929634	-0.0424325931613663	0.5024022233733555	1.96658764283912	0.0192829508957121	-1.3648261673056918	-0.3915582848228038	-0.3176252338584813	-0.4763203722078866	0.5920066223547552	1.44773096033333	-0.2453908073232792	0.2853387665130725	-0.7670077241545666	0.7464682314580263	0.2933812321211934	-0.8306810290976713	-0.0810720977640595	0.1509692154967774	1.7160447833608958	-0.2613194691426085	2.022963380998988	-0.4676987991145082	-0.8416212335729142	-0.2137151057976028	1.1300348536185385	-2.5031972666378133	0.1587749900867135	0.450558625227596	-0.0888126939688978	-1.0071844300291466	-0.0269977376590844	0.0269977376590844	0.096558615289639	-0.2058308057019291	-0.7063025628400874	-0.7984396794697326	-1.046382183092732
ENSG00000074800.13	0.6198073708182489	-0.696439159927908	-0.2137151057976028	1.115548645864071	0.333891361701239	0.8526631100135379	-1.827049629469658	-0.190100001084691	1.23889437958136	-0.1120683267630459	-0.6672454178513608	0.0656050007226639	0.7363159173761297	-0.7773995516089012	0.1979592799698482	1.6833482640036084	-0.1822524470122185	1.3083069146403563	0.5466555687662384	-1.6833482640036077	0.4591118518508645	-0.2058308057019291	-1.1447621646036692	2.247385754686025	-0.6386096176206588	0.119833070008577	-1.059810609325424	0.2613194691426085	-0.3584587932511938	1.4700860074244937	0.8198393553985739	-1.2728340855266451	1.7506860712521692	0.4849774976336413	-0.4591118518508644	0.7566980735568705	0.4763203722078865	-2.7394693011353435	-0.7984396794697326	1.1300348536185385	-0.6480956661018106	0.034714131630724	0.7878760170254153	0.4676987991145084	0.4420382345285433	0.5646561104109737	-0.8750651434029384	0.6866430509241719	0.2933812321211934	-0.564656110410974	-0.1665904510092061	1.3648261673056925	-1.966587642839119	-0.0656050007226638	-1.75068607125217	-0.1353847355175167	0.3915582848228037	-0.0501535834647336	1.787565387920245	0.383244532887814	0.6769123962942973	-0.5377216491828647	-1.517142265248579	1.6523582633698064	-0.3420574044903942	0.657640395825224	0.4250925196181335	-0.4420382345285433	-1.3648261673056918	-1.3266775070350318	-0.034714131630724	0.1120683267630459	0.5556333347222874	0.3749571865725574	0.6012217380735386	0.6386096176206589	0.096558615289639	0.4082680091714616	-0.6576403958252243	0.1043103344831641	0.7773995516089012	0.7464682314580263	-0.4250925196181335	-1.4932008664512426	-0.7670077241545666	0.2693084792003651	1.44773096033333	1.3455070738160948	2.022963380998988	-0.8416212335729142	1.2728340855266451	1.3266775070350318	-0.5288304435432458	0.2853387665130725	-1.1749867920660904	2.5031972666378124	0.6672454178513606	-0.2853387665130725	-0.2453908073232792
ENSG00000171621.13	-1.0200762327862014	-0.3420574044903942	-0.7670077241545666	1.96658764283912	-0.6012217380735386	-0.4082680091714618	-0.5111717913763268	0.957209469364422	2.160044423184284	0.7984396794697326	-0.7262389341471894	-1.6833482640036077	1.2728340855266451	1.046382183092732	0.6672454178513606	0.5199808490626915	0.9818903991119532	2.022963380998988	1.5947451783462454	-1.2728340855266451	1.6523582633698064	0.2693084792003651	-1.3648261673056918	1.493200866451242	0.0501535834647336	0.4335498147072649	-0.1822524470122185	0.166590451009206	0.1120683267630459	-0.1043103344831641	0.1587749900867135	-0.1587749900867137	1.517142265248579	-0.096558615289639	-1.0071844300291466	-0.1509692154967772	1.059810609325424	0.1744161009377025	0.1979592799698482	0.7363159173761297	-0.8638099378582048	0.933098272929634	-0.3666955130421411	-1.7160447833608958	0.8750651434029384	-1.2063247253493694	0.6104881942258346	0.8526631100135379	1.44773096033333	-2.0229633809989878	0.0656050007226639	-0.119833070008577	-0.3257475240477464	1.5419862988544464	0.6769123962942973	0.7773995516089012	0.6866430509241719	-1.517142265248579	1.4700860074244937	0.3502463214132924	0.5737250914765051	-1.2224474585867124	0.886432309090155	0.4082680091714616	1.290367539673776	0.8306810290976713	-1.4477309603333306	-0.2533471031357997	0.1353847355175168	0.0810720977640594	0.3584587932511938	0.9212439502193468	-0.5828415072712162	0.2613194691426085	-0.9694761138489096	0.6198073708182489	-0.2773147150218403	0.2058308057019291	-1.0734329147910218	-0.9450851920025288	1.3648261673056925	-0.3502463214132924	0.9450851920025288	-2.7394693011353435	-0.450558625227596	-0.7773995516089012	0.696439159927908	0.716235163656892	1.255683429933113	-1.0872573835362347	0.6480956661018107	0.809093201549562	-0.886432309090155	-0.3915582848228038	0.6291806899198488	1.827049629469658	-0.2137151057976028	-1.3455070738160948	-1.6228784805249126
ENSG00000171608.15	-2.356228884885076	-0.096558615289639	-0.6291806899198484	1.3266775070350318	-0.4676987991145082	0.8979151835449687	0.5466555687662384	-0.7984396794697326	-0.1276050449767611	-1.3846685297022652	-1.033139839838658	-0.2693084792003651	-0.1587749900867137	0.8306810290976713	1.5419862988544464	-0.8198393553985739	-0.034714131630724	0.5646561104109737	0.6386096176206589	-1.8696066471189023	0.6672454178513606	-0.6480956661018106	-0.3666955130421411	0.0888126939688977	-1.0071844300291466	-0.0269977376590844	-0.9095176924325932	0.4763203722078865	-0.2933812321211932	-0.809093201549562	-0.2613194691426085	-0.1665904510092061	-0.1509692154967772	-0.564656110410974	-0.3749571865725573	0.7566980735568705	0.933098272929634	0.6866430509241719	0.6291806899198488	-1.059810609325424	0.8526631100135379	-0.0810720977640595	-1.3648261673056918	-1.3083069146403563	0.2374500153774604	-1.75068607125217	0.3420574044903942	0.4420382345285433	1.6833482640036084	-0.0501535834647336	-1.2063247253493694	1.827049629469658	-0.3832445328878139	-2.160044423184283	1.4050715603096329	1.517142265248579	0.9818903991119532	2.7394693011353426	1.787565387920245	0.5199808490626915	0.1431726287923529	-0.933098272929634	0.0424325931613663	1.115548645864071	0.8416212335729143	-1.6833482640036077	-0.852663110013538	0.3257475240477463	0.9450851920025288	0.696439159927908	-0.2533471031357997	0.6012217380735386	-1.7160447833608958	-0.5737250914765053	0.0501535834647336	0.096558615289639	-1.0200762327862014	-1.827049629469658	1.059810609325424	-1.4050715603096329	0.221612713525452	-1.1447621646036692	0.8750651434029384	-0.2773147150218403	-1.23889437958136	-0.6012217380735386	0.034714131630724	0.5377216491828648	0.6480956661018107	1.4260768722728474	0.4166655212801166	0.7773995516089012	0.0115693116601175	-0.119833070008577	-0.0038563607500418	2.5031972666378124	-1.0872573835362347	0.0810720977640594	-0.6866430509241719
ENSG00000054523.17	-0.4166655212801166	0.5199808490626915	-1.033139839838658	0.957209469364422	-0.6198073708182489	-1.2728340855266451	0.4250925196181335	0.0038563607500417	1.6833482640036084	0.2853387665130725	0.2137151057976029	-2.7394693011353435	0.2933812321211934	1.787565387920245	1.3846685297022652	0.6769123962942973	1.0734329147910218	1.1905096133284865	1.517142265248579	-2.160044423184283	1.4700860074244937	0.4763203722078865	-0.4250925196181335	0.8198393553985739	0.5377216491828648	0.9095176924325932	-0.2853387665130725	0.657640395825224	-0.034714131630724	0.3095238443483211	-0.3915582848228038	0.0656050007226639	0.7063025628400874	-0.5920066223547552	-1.4932008664512426	-0.696439159927908	1.1597420454353515	0.0888126939688977	-0.3014427191934919	0.0115693116601175	-0.4420382345285433	0.3257475240477463	-0.2374500153774605	-0.7566980735568707	1.5947451783462454	-1.3266775070350318	1.4260768722728474	0.8526631100135379	2.022963380998988	-0.7878760170254153	-1.4477309603333306	-0.0115693116601176	-0.2533471031357997	0.5737250914765051	0.809093201549562	-0.5199808490626915	-0.0424325931613663	-2.356228884885076	1.4050715603096329	0.3014427191934921	-1.059810609325424	-1.1447621646036692	0.190100001084691	0.6198073708182489	1.20632472534937	0.1120683267630459	-1.046382183092732	-0.3502463214132924	0.2693084792003651	0.0810720977640594	0.3998991895536145	1.8696066471189023	0.0424325931613663	0.3584587932511938	-0.3998991895536146	0.6672454178513606	-0.1587749900867137	-0.852663110013538	-0.6672454178513608	-0.9212439502193468	1.493200866451242	-0.0192829508957121	1.046382183092732	-1.3846685297022652	-1.1597420454353515	-0.3749571865725573	1.0872573835362356	-0.2773147150218403	-0.2058308057019291	0.119833070008577	0.3420574044903942	0.933098272929634	-1.2063247253493694	0.4082680091714616	0.5288304435432458	1.96658764283912	0.2773147150218403	-2.5031972666378133	-2.0229633809989878
ENSG00000120948.16	-0.333891361701239	0.3095238443483211	-0.3095238443483213	2.7394693011353426	0.1509692154967774	-0.0578775648112101	0.994457883209753	-0.1431726287923528	0.8979151835449687	0.0038563607500417	1.4050715603096329	0.2933812321211934	1.7160447833608958	-0.2853387665130725	0.0578775648112103	0.5466555687662384	-0.0656050007226638	1.0734329147910218	-1.5947451783462447	1.046382183092732	-2.247385754686027	-0.2374500153774605	0.8416212335729143	0.9450851920025288	1.0200762327862014	-0.5111717913763268	-0.7566980735568707	2.022963380998988	-0.2453908073232792	1.3648261673056925	1.96658764283912	0.2773147150218403	1.7506860712521692	1.1597420454353515	0.450558625227596	-0.716235163656892	-0.9212439502193468	1.222447458586713	-0.6480956661018106	1.3455070738160948	-0.0424325931613663	-1.3266775070350318	0.034714131630724	-0.3749571865725573	2.5031972666378124	-0.9572094693644218	1.2728340855266451	0.3176252338584812	-0.9818903991119536	0.957209469364422	1.0872573835362356	0.6012217380735386	-0.886432309090155	-0.119833070008577	0.4591118518508645	-0.564656110410974	0.0115693116601175	0.5288304435432458	-0.4082680091714618	-0.096558615289639	0.716235163656892	-0.2933812321211932	0.3998991895536145	0.9212439502193468	0.7464682314580263	-0.2137151057976028	-0.5920066223547552	0.4335498147072649	1.1012928299140692	-0.0038563607500418	-0.1353847355175167	1.5419862988544464	-0.2058308057019291	-0.3666955130421411	0.119833070008577	0.4420382345285433	0.2613194691426085	-0.696439159927908	-1.4050715603096329	-0.4591118518508644	0.8198393553985739	-0.034714131630724	1.1300348536185385	0.657640395825224	-0.6576403958252243	-0.3014427191934919	-0.933098272929634	0.7984396794697326	-0.4420382345285433	1.290367539673776	0.7670077241545666	0.696439159927908	0.7363159173761297	-0.0733363561686276	-1.0872573835362347	0.5828415072712162	-1.6228784805249126	0.0656050007226639	-0.1587749900867137
ENSG00000116688.16	-0.1120683267630459	0.3666955130421411	-0.0192829508957121	0.4420382345285433	-0.2374500153774605	0.0115693116601175	-1.6228784805249126	-0.1431726287923528	2.3562288848850748	-0.5111717913763268	-0.7773995516089012	-0.4420382345285433	-0.852663110013538	1.0200762327862014	1.493200866451242	-0.9694761138489096	1.1597420454353515	-0.1043103344831641	1.7160447833608958	-0.6198073708182489	0.7566980735568705	-0.2693084792003651	-1.0200762327862014	1.255683429933113	0.3502463214132924	1.3455070738160948	-0.5199808490626915	0.3014427191934921	-0.4763203722078866	0.933098272929634	-2.160044423184283	-0.2773147150218403	1.4050715603096329	-0.2058308057019291	-0.6866430509241719	0.7262389341471894	1.2728340855266451	-2.5031972666378133	-2.0866136000540965	0.119833070008577	-0.8750651434029384	0.1587749900867135	0.7464682314580263	0.1822524470122185	-0.096558615289639	-0.119833070008577	0.2058308057019291	1.3648261673056925	0.4676987991145084	-0.493671124086536	-0.9450851920025288	-0.6672454178513608	-1.290367539673776	0.3584587932511938	-1.4050715603096329	-1.0071844300291466	-0.886432309090155	-1.3266775070350318	1.23889437958136	-0.8416212335729142	0.6104881942258346	0.0038563607500417	-0.994457883209753	0.3420574044903942	0.5377216491828648	-0.5556333347222873	-0.696439159927908	-1.046382183092732	-1.3846685297022652	-0.3095238443483213	-0.3257475240477464	1.9158466693962373	0.096558615289639	0.0269977376590844	0.8416212335729143	0.6386096176206589	-0.0038563607500418	-0.1979592799698482	0.2693084792003651	1.20632472534937	1.3266775070350318	0.7363159173761297	1.4260768722728474	-0.5828415072712162	0.1509692154967774	0.5466555687662384	1.222447458586713	-1.5947451783462447	-0.2533471031357997	-0.7262389341471894	0.8750651434029384	-0.933098272929634	-1.6833482640036077	0.2295241681823972	0.5828415072712162	1.033139839838658	-0.564656110410974	0.5288304435432458	-0.0810720977640595
ENSG00000048707.13	-0.3014427191934919	0.6104881942258346	0.5646561104109737	0.9095176924325932	-0.5556333347222873	-0.3998991895536146	-1.0071844300291466	-1.1597420454353515	0.886432309090155	-0.4335498147072649	0.8979151835449687	-2.356228884885076	0.2058308057019291	1.23889437958136	0.1744161009377025	-0.5828415072712162	0.716235163656892	1.1905096133284865	1.3083069146403563	-0.9450851920025288	0.9694761138489096	-1.1905096133284865	-1.6228784805249126	1.6523582633698064	0.8750651434029384	0.3749571865725574	-0.1587749900867137	0.5288304435432458	-0.8306810290976713	-0.6012217380735386	-1.9158466693962373	0.809093201549562	2.3562288848850748	-0.4082680091714618	-1.8696066471189023	-0.0424325931613663	1.0200762327862014	-1.5419862988544464	-1.827049629469658	-0.2773147150218403	-0.0733363561686276	0.8306810290976713	-0.1120683267630459	-0.5199808490626915	2.247385754686025	-0.8979151835449687	-0.7984396794697326	0.7063025628400874	0.3095238443483211	-0.7878760170254153	-1.2063247253493694	-0.9818903991119536	0.245390807323279	0.0424325931613663	-1.3266775070350318	-0.809093201549562	-0.3176252338584813	-2.247385754686027	1.9158466693962373	-1.3455070738160948	1.5419862988544464	-0.7566980735568707	-1.4477309603333306	-0.3915582848228038	1.1012928299140692	-0.5377216491828647	-0.190100001084691	-1.5678202959084404	-1.5947451783462447	-1.4932008664512426	0.5466555687662384	0.166590451009206	0.4335498147072649	-0.1744161009377025	0.0810720977640594	1.5947451783462454	0.0733363561686278	-1.4260768722728474	0.1353847355175168	1.3648261673056925	1.6833482640036084	0.1043103344831641	1.7160447833608958	-0.4849774976336414	0.1979592799698482	0.6012217380735386	1.827049629469658	-0.6291806899198484	0.3998991895536145	0.0038563607500417	-1.517142265248579	0.1431726287923529	-0.5920066223547552	0.8198393553985739	0.994457883209753	1.3846685297022652	-0.0115693116601176	-0.3502463214132924	-0.3584587932511938
ENSG00000162496.8	-0.3095238443483213	-0.2933812321211932	-0.4082680091714618	1.8696066471189023	0.119833070008577	0.0501535834647336	0.1744161009377025	-0.7262389341471894	-1.517142265248579	0.0733363561686278	-1.1905096133284865	1.1749867920660904	1.3083069146403563	-2.0866136000540965	-2.7394693011353435	2.247385754686025	-1.4260768722728474	-1.4932008664512426	0.933098272929634	1.1597420454353515	-1.1597420454353515	0.2853387665130725	0.6291806899198488	2.022963380998988	-0.6480956661018106	-2.356228884885076	0.5920066223547552	1.517142265248579	-0.3832445328878139	-0.0810720977640595	0.166590451009206	-0.0424325931613663	0.5556333347222874	-1.115548645864071	1.046382183092732	0.6672454178513606	-0.5288304435432458	-0.933098272929634	0.3584587932511938	1.3266775070350318	0.0424325931613663	0.5828415072712162	0.2613194691426085	0.9212439502193468	0.4849774976336413	1.5947451783462454	-0.2613194691426085	0.5288304435432458	-0.746468231458026	0.657640395825224	1.1447621646036683	0.221612713525452	0.7773995516089012	-1.046382183092732	-0.4849774976336414	-0.6198073708182489	0.0578775648112103	0.1587749900867135	0.4250925196181335	0.034714131630724	0.6480956661018107	0.3095238443483211	-0.886432309090155	-0.3915582848228038	-0.1587749900867137	-0.9450851920025288	-0.3176252338584813	0.0656050007226639	-0.1353847355175167	1.20632472534937	0.4420382345285433	-1.1012928299140692	-0.0115693116601176	-1.0200762327862014	-0.0038563607500418	-1.0872573835362347	-0.4335498147072649	2.5031972666378124	0.9818903991119532	-0.3749571865725573	-0.809093201549562	1.4050715603096329	-0.9212439502193468	0.5111717913763268	0.1120683267630459	0.1353847355175168	-0.7063025628400874	2.7394693011353426	-0.0501535834647336	1.622878480524913	0.7363159173761297	1.033139839838658	0.994457883209753	-0.3420574044903942	-1.2728340855266451	-1.5419862988544464	-0.450558625227596	-0.1744161009377025	0.245390807323279
ENSG00000132906.17	-0.696439159927908	-0.3584587932511938	-1.3455070738160948	-1.23889437958136	-0.0656050007226638	-0.1979592799698482	1.827049629469658	0.7773995516089012	1.1749867920660904	0.7063025628400874	-1.3846685297022652	-0.0424325931613663	2.3562288848850748	2.7394693011353426	1.8696066471189023	-1.5947451783462447	-0.2137151057976028	-1.0200762327862014	-1.033139839838658	-2.7394693011353435	0.6198073708182489	1.3648261673056925	-1.0071844300291466	-1.8696066471189023	0.6291806899198488	1.44773096033333	-0.1276050449767611	0.8979151835449687	-1.2556834299331134	-0.9450851920025288	0.696439159927908	-0.9212439502193468	-2.356228884885076	0.6480956661018107	1.20632472534937	0.6012217380735386	-1.4050715603096329	-0.119833070008577	-0.994457883209753	-0.4763203722078866	-0.8979151835449687	-0.3014427191934919	-0.2613194691426085	-0.0501535834647336	0.7262389341471894	0.8526631100135379	1.1905096133284865	0.450558625227596	-2.160044423184283	0.6386096176206589	2.160044423184284	1.3455070738160948	1.1447621646036683	-0.9818903991119536	-0.5466555687662383	0.1276050449767611	2.022963380998988	0.6104881942258346	-1.1749867920660904	0.7566980735568705	-1.9158466693962373	0.8198393553985739	0.5199808490626915	-1.5678202959084404	0.1587749900867135	-1.6833482640036077	0.8638099378582046	0.0888126939688977	1.622878480524913	1.3266775070350318	-1.115548645864071	-0.333891361701239	-0.2773147150218403	0.333891361701239	1.046382183092732	-1.5419862988544464	-1.1300348536185385	-0.1509692154967772	-0.4420382345285433	1.1300348536185385	-0.6672454178513608	-1.046382183092732	-0.1431726287923528	-0.0115693116601176	0.166590451009206	-0.4166655212801166	-0.3915582848228038	1.4260768722728474	-2.0229633809989878	-0.4082680091714618	-1.7875653879202458	0.0501535834647336	-0.8416212335729142	0.8750651434029384	1.787565387920245	-1.7160447833608958	-1.1447621646036692	0.0578775648112103	1.23889437958136
ENSG00000142627.12	0.7063025628400874	0.0733363561686278	-0.0578775648112101	1.622878480524913	1.1597420454353515	0.8416212335729143	0.2295241681823972	1.787565387920245	1.255683429933113	1.493200866451242	-0.9694761138489096	-1.059810609325424	2.7394693011353426	0.2693084792003651	0.333891361701239	1.1447621646036683	-0.6480956661018106	-0.3998991895536146	0.1509692154967774	-0.9450851920025288	-0.8416212335729142	1.5419862988544464	-1.1597420454353515	-0.9572094693644218	0.245390807323279	-0.2295241681823971	0.0424325931613663	0.0269977376590844	0.6198073708182489	1.44773096033333	-0.034714131630724	0.166590451009206	-1.7875653879202458	0.9818903991119532	-0.3584587932511938	-0.7984396794697326	-0.809093201549562	-0.4082680091714618	0.6480956661018107	1.222447458586713	-1.290367539673776	-0.7262389341471894	1.517142265248579	0.9095176924325932	-1.2224474585867124	-0.7878760170254153	-0.3666955130421411	-0.3749571865725573	0.450558625227596	-1.1749867920660904	2.3562288848850748	1.5947451783462454	0.096558615289639	0.5556333347222874	0.221612713525452	0.9694761138489096	1.96658764283912	-1.4477309603333306	-1.3846685297022652	1.3083069146403563	0.0888126939688977	-0.7566980735568707	0.0810720977640594	-1.1300348536185385	-0.4676987991145082	1.2728340855266451	-0.119833070008577	0.190100001084691	-0.1665904510092061	-1.517142265248579	-0.5199808490626915	-0.3014427191934919	-0.3257475240477464	0.1043103344831641	1.059810609325424	0.2853387665130725	0.3666955130421411	-0.493671124086536	0.0038563607500417	-0.6386096176206588	-0.2374500153774605	0.2933812321211934	-1.7160447833608958	-2.356228884885076	-1.046382183092732	0.3915582848228037	-0.8306810290976713	2.0866136000540974	-0.8979151835449687	-0.3420574044903942	-2.5031972666378133	-0.0192829508957121	0.1120683267630459	-0.2853387665130725	-0.3095238443483213	0.5024022233733555	0.4166655212801166	-0.2533471031357997	-0.0501535834647336
ENSG00000117122.13	-1.0872573835362347	-0.696439159927908	-1.7160447833608958	0.119833070008577	-0.2058308057019291	-0.2613194691426085	1.5947451783462454	-1.290367539673776	0.450558625227596	-0.0501535834647336	-0.6012217380735386	-0.493671124086536	-0.0115693116601176	0.096558615289639	0.383244532887814	-1.1447621646036692	0.9818903991119532	1.8696066471189023	1.4050715603096329	-0.190100001084691	1.23889437958136	0.5288304435432458	0.1353847355175168	2.0866136000540974	-1.966587642839119	1.255683429933113	-0.6291806899198484	0.716235163656892	0.1744161009377025	-1.115548645864071	0.4166655212801166	-0.7670077241545666	1.517142265248579	0.3176252338584812	0.2773147150218403	-0.4082680091714618	0.8198393553985739	0.6198073708182489	0.994457883209753	0.0192829508957121	-0.450558625227596	0.6291806899198488	-0.4420382345285433	-2.356228884885076	1.493200866451242	-1.5678202959084404	1.3648261673056925	0.5737250914765051	2.3562288848850748	-0.5377216491828647	0.0115693116601175	-0.2137151057976028	-0.3915582848228038	-0.3095238443483213	1.96658764283912	0.696439159927908	-0.1353847355175167	0.5466555687662384	1.3083069146403563	0.6104881942258346	-2.5031972666378133	-1.3648261673056918	0.3666955130421411	1.1300348536185385	1.1012928299140692	-2.0229633809989878	-0.886432309090155	-0.9694761138489096	1.9158466693962373	0.7262389341471894	-0.1120683267630459	1.4700860074244937	-1.3846685297022652	0.2533471031357997	-1.4932008664512426	1.787565387920245	-1.1012928299140692	-0.4849774976336414	-1.0200762327862014	-0.7063025628400874	0.7773995516089012	-0.4335498147072649	0.6769123962942973	-0.9818903991119536	-0.3176252338584813	-1.6228784805249126	0.8750651434029384	-1.0071844300291466	2.022963380998988	-0.2933812321211932	1.5678202959084404	2.7394693011353426	-0.0810720977640595	-1.4477309603333306	0.3420574044903942	1.20632472534937	-0.1665904510092061	-1.1597420454353515	-2.160044423184283
ENSG00000117118.9	0.886432309090155	0.3502463214132924	0.2933812321211934	-0.7773995516089012	0.6769123962942973	0.5199808490626915	-2.356228884885076	0.0038563607500417	-0.886432309090155	0.9212439502193468	0.5920066223547552	0.957209469364422	1.5678202959084404	-0.5920066223547552	-0.994457883209753	-0.6386096176206588	-0.7878760170254153	-0.7566980735568707	-0.4082680091714618	-0.5466555687662383	-0.2853387665130725	1.5419862988544464	-0.564656110410974	-0.3014427191934919	1.827049629469658	-0.5556333347222873	0.0192829508957121	-1.5947451783462447	0.1120683267630459	0.6480956661018107	-1.5678202959084404	-0.1120683267630459	-0.4335498147072649	0.5646561104109737	-0.0038563607500418	1.493200866451242	-0.3420574044903942	-2.247385754686027	-1.517142265248579	-0.1587749900867137	0.1276050449767611	0.245390807323279	1.0872573835362356	0.9095176924325932	-1.059810609325424	1.4050715603096329	-1.7160447833608958	0.2693084792003651	-1.1300348536185385	0.6386096176206589	0.6672454178513606	0.3257475240477463	-0.809093201549562	-0.1043103344831641	-2.7394693011353435	-1.0734329147910218	-0.5111717913763268	-1.4477309603333306	0.0656050007226639	-0.3832445328878139	1.1300348536185385	0.4936711240865359	-1.046382183092732	-1.3846685297022652	-1.1447621646036692	0.5466555687662384	0.333891361701239	-0.4250925196181335	-2.160044423184283	-0.2933812321211932	-0.0269977376590844	-0.9450851920025288	1.3266775070350318	-0.2058308057019291	0.7063025628400874	-0.6480956661018106	0.034714131630724	1.9158466693962373	0.0888126939688977	2.5031972666378124	0.0115693116601175	0.809093201549562	-0.5024022233733555	0.6104881942258346	1.1597420454353515	0.4676987991145084	-0.0656050007226638	-0.0733363561686276	0.1353847355175168	0.3014427191934921	2.3562288848850748	-2.0229633809989878	-1.0071844300291466	0.2295241681823972	-0.1822524470122185	-0.7262389341471894	-0.096558615289639	0.657640395825224	1.115548645864071
ENSG00000159423.16	-0.119833070008577	0.1587749900867135	0.3420574044903942	-1.7160447833608958	-0.0424325931613663	-0.1587749900867137	-1.4477309603333306	0.5111717913763268	-0.3420574044903942	-0.1431726287923528	-0.4591118518508644	1.6523582633698064	-0.2613194691426085	0.2693084792003651	-1.1447621646036692	-1.8696066471189023	-0.4335498147072649	-1.7875653879202458	0.1353847355175168	-1.0872573835362347	-0.3257475240477464	0.1120683267630459	-0.6576403958252243	-0.3176252338584813	1.20632472534937	-2.247385754686027	1.1012928299140692	-2.0229633809989878	-0.1276050449767611	-1.1905096133284865	-1.517142265248579	-0.0115693116601176	-0.1822524470122185	-0.493671124086536	0.7878760170254153	0.5288304435432458	-0.7063025628400874	-0.9818903991119536	-0.5024022233733555	0.383244532887814	-0.4166655212801166	1.0872573835362356	0.2295241681823972	0.3584587932511938	-1.3846685297022652	1.0071844300291466	-0.9095176924325932	-0.5920066223547552	-1.1597420454353515	0.5920066223547552	-0.5111717913763268	-0.8306810290976713	0.7363159173761297	0.2058308057019291	-2.0866136000540965	-0.7984396794697326	-1.3648261673056918	-0.7363159173761294	0.6291806899198488	-0.6104881942258346	0.6104881942258346	0.3176252338584812	-0.4250925196181335	-0.746468231458026	-0.2295241681823971	0.8750651434029384	2.3562288848850748	-0.6198073708182489	-0.9212439502193468	0.6386096176206589	0.7566980735568705	-0.8416212335729142	1.290367539673776	-0.3666955130421411	0.7464682314580263	-1.290367539673776	-0.1353847355175167	0.166590451009206	1.8696066471189023	2.0866136000540974	-0.450558625227596	0.1979592799698482	-0.6866430509241719	0.9095176924325932	1.5947451783462454	1.1447621646036683	-0.8198393553985739	-1.115548645864071	-0.5288304435432458	0.0656050007226639	-1.2224474585867124	-1.470086007424494	-1.3083069146403563	0.2137151057976029	0.8416212335729143	-0.5377216491828647	0.8306810290976713	0.933098272929634	1.96658764283912
ENSG00000127481.14	-0.5466555687662383	0.8638099378582046	0.2933812321211934	2.3562288848850748	-0.3584587932511938	0.1120683267630459	-1.827049629469658	-1.470086007424494	2.160044423184284	-0.4250925196181335	0.0038563607500417	-1.5419862988544464	0.6672454178513606	1.3846685297022652	-0.0888126939688978	-0.2216127135254519	1.23889437958136	2.7394693011353426	0.7063025628400874	-0.9694761138489096	0.4250925196181335	0.4676987991145084	-1.7875653879202458	1.1597420454353515	0.7262389341471894	-0.2453908073232792	-0.5111717913763268	0.7773995516089012	-1.059810609325424	0.716235163656892	-1.4932008664512426	0.3666955130421411	0.5466555687662384	-0.7363159173761294	-0.9450851920025288	0.2137151057976029	1.255683429933113	0.657640395825224	-1.6523582633698055	-0.9572094693644218	-0.5920066223547552	-0.034714131630724	-0.0424325931613663	-0.096558615289639	2.5031972666378124	-1.1012928299140692	-0.4676987991145082	0.8198393553985739	1.5419862988544464	-1.033139839838658	0.190100001084691	0.933098272929634	-0.2374500153774605	0.1043103344831641	-0.0269977376590844	-0.8416212335729142	1.96658764283912	-1.517142265248579	0.9212439502193468	-0.4420382345285433	0.3749571865725574	-0.9095176924325932	-0.0192829508957121	-0.2693084792003651	1.4260768722728474	-1.1300348536185385	-0.696439159927908	-1.1905096133284865	-0.746468231458026	-1.1597420454353515	-0.2137151057976028	0.5111717913763268	-0.0733363561686276	0.1276050449767611	-0.4166655212801166	1.1300348536185385	-0.4849774976336414	-1.290367539673776	0.3176252338584812	0.4763203722078865	2.247385754686025	-0.3095238443483213	1.222447458586713	-0.6012217380735386	-0.3014427191934919	-0.1276050449767611	0.6480956661018107	-0.1120683267630459	-0.0038563607500418	0.5646561104109737	-1.6228784805249126	-0.2295241681823971	0.1587749900867135	0.3014427191934921	-0.1979592799698482	1.8696066471189023	-0.3666955130421411	-0.6866430509241719	-0.6198073708182489
ENSG00000053371.12	1.6523582633698064	-0.0501535834647336	-0.4763203722078866	-1.4932008664512426	1.20632472534937	0.0501535834647336	-0.4250925196181335	1.8696066471189023	-1.3266775070350318	-0.3257475240477464	0.0888126939688977	2.022963380998988	-0.9818903991119536	-0.809093201549562	-0.933098272929634	-0.6386096176206588	-1.3846685297022652	-2.5031972666378133	-0.8306810290976713	-0.8198393553985739	-1.5947451783462447	-0.3915582848228038	2.3562288848850748	-0.4166655212801166	1.1447621646036683	-1.4260768722728474	0.7773995516089012	0.1431726287923529	0.0656050007226639	0.2137151057976029	-1.3455070738160948	0.4082680091714616	-1.7160447833608958	-0.2295241681823971	1.6833482640036084	0.9818903991119532	-1.0200762327862014	-0.7773995516089012	0.7363159173761297	0.4335498147072649	1.290367539673776	-0.2853387665130725	1.115548645864071	0.9450851920025288	-1.2063247253493694	2.247385754686025	-0.450558625227596	-0.4335498147072649	-1.8696066471189023	0.886432309090155	0.2693084792003651	-0.4849774976336414	-0.2693084792003651	0.8306810290976713	-1.1905096133284865	-0.6866430509241719	-0.9694761138489096	0.0115693116601175	-0.6012217380735386	-0.886432309090155	0.3095238443483211	1.222447458586713	-0.1665904510092061	-0.4591118518508644	-0.852663110013538	-0.0038563607500418	-0.3749571865725573	0.096558615289639	-0.0424325931613663	0.6198073708182489	-0.0115693116601176	-0.5199808490626915	0.8750651434029384	0.0424325931613663	1.23889437958136	-1.5678202959084404	0.8198393553985739	2.7394693011353426	0.5737250914765051	-0.3014427191934919	-1.290367539673776	1.517142265248579	-0.994457883209753	0.2374500153774604	1.0734329147910218	0.2533471031357997	-0.7063025628400874	-1.1300348536185385	-0.333891361701239	-0.8979151835449687	2.0866136000540974	-2.160044423184283	0.1276050449767611	0.4250925196181335	-1.4477309603333306	-1.6833482640036077	1.1300348536185385	1.96658764283912	0.933098272929634
ENSG00000158747.13	-0.5920066223547552	-1.2728340855266451	-1.3455070738160948	-0.8198393553985739	0.450558625227596	-0.034714131630724	1.6833482640036084	-0.7363159173761294	1.1300348536185385	-0.9818903991119536	-2.247385754686027	-0.6866430509241719	0.4250925196181335	1.3455070738160948	0.7063025628400874	-1.4050715603096329	0.8198393553985739	0.1979592799698482	2.0866136000540974	-1.517142265248579	0.6672454178513606	0.3998991895536145	-1.0071844300291466	0.3666955130421411	-1.75068607125217	-0.0656050007226638	0.0501535834647336	0.9212439502193468	-0.2693084792003651	0.2693084792003651	0.5199808490626915	-0.2453908073232792	0.1276050449767611	-0.6672454178513608	-0.6576403958252243	0.3420574044903942	1.7506860712521692	0.3176252338584812	0.5111717913763268	0.6480956661018107	-0.0192829508957121	0.1120683267630459	-0.2613194691426085	-2.0866136000540965	1.222447458586713	-0.3095238443483213	1.622878480524913	1.5419862988544464	1.493200866451242	-1.6228784805249126	-0.1587749900867137	0.0578775648112103	-1.7160447833608958	-0.3014427191934919	1.44773096033333	0.166590451009206	0.3014427191934921	-0.190100001084691	1.1597420454353515	0.2933812321211934	-1.6523582633698055	-0.2374500153774605	1.059810609325424	1.4050715603096329	2.022963380998988	-2.7394693011353435	-0.8638099378582048	0.0269977376590844	1.9158466693962373	1.115548645864071	0.2613194691426085	2.3562288848850748	-0.9095176924325932	0.5920066223547552	0.119833070008577	0.716235163656892	-0.3666955130421411	0.221612713525452	-0.2295241681823971	-1.23889437958136	1.517142265248579	-0.3998991895536146	1.6523582633698064	-1.3648261673056918	-0.1979592799698482	0.034714131630724	0.096558615289639	1.7160447833608958	0.5646561104109737	-1.6833482640036077	2.247385754686025	0.9095176924325932	-0.1431726287923528	-0.4591118518508644	0.7773995516089012	0.7566980735568705	-0.6291806899198484	-0.994457883209753	-0.5111717913763268
ENSG00000162545.5	-0.8638099378582048	-0.8979151835449687	-0.3420574044903942	0.119833070008577	-1.2728340855266451	-1.470086007424494	1.290367539673776	-0.1979592799698482	1.44773096033333	-0.6012217380735386	0.0192829508957121	-1.5419862988544464	0.4763203722078865	1.3455070738160948	0.9095176924325932	-0.2853387665130725	0.7063025628400874	0.7878760170254153	1.0200762327862014	-0.8198393553985739	0.957209469364422	0.4420382345285433	-0.034714131630724	0.716235163656892	-0.0888126939688978	0.7984396794697326	0.0810720977640594	1.3266775070350318	-0.096558615289639	-0.2453908073232792	0.3998991895536145	0.0424325931613663	0.809093201549562	-0.2058308057019291	-1.1300348536185385	-1.3846685297022652	1.8696066471189023	0.5828415072712162	0.4849774976336413	-0.9450851920025288	-0.2295241681823971	0.096558615289639	-1.290367539673776	-0.994457883209753	1.4050715603096329	-1.0200762327862014	1.115548645864071	1.9158466693962373	0.6012217380735386	-0.5466555687662383	-0.0578775648112101	-1.2224474585867124	-0.6866430509241719	0.3915582848228037	1.6523582633698064	0.1509692154967774	-0.0269977376590844	-0.7262389341471894	1.3083069146403563	0.5920066223547552	-1.4932008664512426	-1.7875653879202458	0.6291806899198488	0.7363159173761297	2.247385754686025	-0.716235163656892	-0.5111717913763268	-0.4591118518508644	0.5199808490626915	0.4250925196181335	0.2933812321211934	2.160044423184284	-0.0656050007226638	0.5377216491828648	-0.6386096176206588	1.1012928299140692	-0.6104881942258346	0.1587749900867135	-1.3455070738160948	-1.1447621646036692	1.5678202959084404	-1.059810609325424	2.0866136000540974	-1.4477309603333306	-0.564656110410974	-1.6833482640036077	0.7464682314580263	0.383244532887814	0.6672454178513606	-0.7984396794697326	2.3562288848850748	1.1597420454353515	-0.1431726287923528	-0.3666955130421411	0.657640395825224	0.6104881942258346	-1.4050715603096329	-1.517142265248579	-0.333891361701239
ENSG00000158828.7	-0.1353847355175167	0.9212439502193468	0.7363159173761297	-0.5288304435432458	-0.8979151835449687	-1.3455070738160948	-1.6523582633698055	-0.190100001084691	1.1012928299140692	-0.3176252338584813	-1.046382183092732	-0.2453908073232792	-1.8696066471189023	0.6866430509241719	-0.6012217380735386	0.2773147150218403	-0.0733363561686276	-0.2216127135254519	1.23889437958136	-0.0424325931613663	0.3502463214132924	0.3666955130421411	0.5466555687662384	0.1509692154967774	0.886432309090155	-0.9572094693644218	0.4250925196181335	-0.6576403958252243	0.3998991895536145	-1.0734329147910218	-2.356228884885076	1.115548645864071	0.4763203722078865	-1.7875653879202458	-0.7773995516089012	0.1431726287923529	1.4260768722728474	-1.6833482640036077	-0.4250925196181335	0.957209469364422	-0.6866430509241719	1.3083069146403563	-0.3095238443483213	-0.0038563607500418	-0.1276050449767611	-0.6480956661018106	0.245390807323279	1.2728340855266451	2.022963380998988	-0.4335498147072649	-0.5199808490626915	-1.3846685297022652	0.5737250914765051	-0.0656050007226638	-0.9212439502193468	-1.2728340855266451	-1.23889437958136	-1.75068607125217	1.6833482640036084	-0.6386096176206588	0.6769123962942973	-1.1749867920660904	-0.119833070008577	0.3095238443483211	1.3266775070350318	-0.5377216491828647	0.4936711240865359	-0.4082680091714618	-1.966587642839119	0.3014427191934921	0.6198073708182489	2.247385754686025	0.7984396794697326	-0.333891361701239	-0.9694761138489096	0.7878760170254153	-1.0071844300291466	2.5031972666378124	-0.1665904510092061	1.493200866451242	2.0866136000540974	0.8638099378582046	1.1300348536185385	-0.4676987991145082	0.2295241681823972	-0.6104881942258346	1.1749867920660904	-2.160044423184283	0.2533471031357997	0.8750651434029384	1.44773096033333	-0.2533471031357997	-1.2224474585867124	0.0578775648112103	0.5024022233733555	1.0071844300291466	-0.5024022233733555	-0.7566980735568707	0.0424325931613663
ENSG00000244038.9	1.20632472534937	0.0501535834647336	0.1744161009377025	0.0578775648112103	0.6386096176206589	-0.1979592799698482	-2.160044423184283	0.6104881942258346	-1.517142265248579	1.1597420454353515	-0.2216127135254519	0.8526631100135379	1.1749867920660904	-1.1300348536185385	-1.4050715603096329	0.9694761138489096	-0.886432309090155	-1.966587642839119	-0.5111717913763268	0.7363159173761297	-1.290367539673776	-0.852663110013538	0.1120683267630459	0.1276050449767611	0.1353847355175168	-1.827049629469658	-0.0192829508957121	-1.7875653879202458	0.5024022233733555	1.827049629469658	-0.4763203722078866	0.3257475240477463	-1.033139839838658	0.5288304435432458	0.5737250914765051	0.0424325931613663	-1.2556834299331134	-1.6228784805249126	0.0733363561686278	0.9095176924325932	0.5556333347222874	0.2058308057019291	1.0071844300291466	1.3455070738160948	-2.0229633809989878	1.493200866451242	-1.2728340855266451	-0.9818903991119536	-1.1012928299140692	0.657640395825224	0.333891361701239	0.3998991895536145	0.3095238443483211	0.6198073708182489	-1.470086007424494	-0.6576403958252243	-0.3584587932511938	0.1509692154967774	0.2693084792003651	-0.6012217380735386	0.9212439502193468	0.2853387665130725	-1.046382183092732	0.0269977376590844	-1.0734329147910218	0.6480956661018107	0.7262389341471894	0.4335498147072649	-1.3455070738160948	-0.4676987991145082	0.994457883209753	-0.6672454178513608	0.2613194691426085	0.6672454178513606	1.1300348536185385	-0.746468231458026	0.4250925196181335	2.7394693011353426	-0.5288304435432458	0.166590451009206	-1.2063247253493694	2.3562288848850748	-1.23889437958136	-0.2613194691426085	-0.3176252338584813	0.1979592799698482	-0.3502463214132924	0.0656050007226639	0.0038563607500417	-0.5828415072712162	-0.3832445328878139	-0.6291806899198484	0.1431726287923529	0.2295241681823972	-1.0071844300291466	-0.5466555687662383	0.8750651434029384	0.4676987991145084	-0.7063025628400874
ENSG00000117298.14	-0.886432309090155	-0.8416212335729142	-1.059810609325424	0.716235163656892	-1.3846685297022652	-1.470086007424494	0.1979592799698482	-0.119833070008577	0.9818903991119532	-0.2933812321211932	-1.6523582633698055	-1.75068607125217	1.290367539673776	0.7262389341471894	1.517142265248579	0.657640395825224	1.3083069146403563	1.5419862988544464	2.7394693011353426	-0.8198393553985739	1.115548645864071	0.2295241681823972	0.4676987991145084	1.1905096133284865	-0.5737250914765053	1.2728340855266451	0.1587749900867135	0.190100001084691	0.0269977376590844	0.5199808490626915	-0.3014427191934919	-0.2374500153774605	0.5920066223547552	-0.6386096176206588	-1.5947451783462447	-0.2613194691426085	1.4260768722728474	0.5737250914765051	0.933098272929634	0.5111717913763268	-1.3083069146403563	0.886432309090155	-0.5199808490626915	-1.1749867920660904	0.9212439502193468	-1.3455070738160948	-0.0038563607500418	0.5466555687662384	2.022963380998988	-1.827049629469658	0.4591118518508645	0.0192829508957121	-0.1120683267630459	0.3915582848228037	-0.1822524470122185	0.6480956661018107	0.4849774976336413	-0.6198073708182489	1.20632472534937	-0.0192829508957121	-1.2556834299331134	-1.7875653879202458	0.994457883209753	1.033139839838658	1.6523582633698064	-0.4676987991145082	-0.1665904510092061	-0.7566980735568707	0.696439159927908	0.3257475240477463	0.6012217380735386	0.5556333347222874	-0.3832445328878139	-0.1509692154967772	-0.6672454178513608	0.7464682314580263	-0.3176252338584813	0.6386096176206589	-1.5419862988544464	-0.716235163656892	2.160044423184284	0.3749571865725574	0.9694761138489096	-1.6833482640036077	-0.8979151835449687	-0.3749571865725573	1.3648261673056925	1.1012928299140692	0.8979151835449687	-0.5111717913763268	0.3502463214132924	0.3666955130421411	-0.6576403958252243	-0.7262389341471894	0.9095176924325932	0.7773995516089012	0.0578775648112103	-0.8306810290976713	-1.8696066471189023
ENSG00000142798.17	0.0269977376590844	0.1276050449767611	-0.716235163656892	-1.3266775070350318	-0.3666955130421411	-0.9095176924325932	0.2773147150218403	-1.3455070738160948	0.886432309090155	-2.0229633809989878	-1.5678202959084404	-1.4932008664512426	-0.4676987991145082	1.059810609325424	0.6291806899198488	-0.564656110410974	1.3648261673056925	0.7063025628400874	1.4050715603096329	-1.0734329147910218	1.046382183092732	-0.3095238443483213	-1.8696066471189023	1.7160447833608958	-1.046382183092732	1.033139839838658	-0.034714131630724	0.8979151835449687	-0.9450851920025288	-0.2933812321211932	-0.3832445328878139	-0.9572094693644218	0.9694761138489096	-0.5556333347222873	-0.8638099378582048	-1.2556834299331134	0.7670077241545666	0.5199808490626915	0.0888126939688977	-1.5419862988544464	-1.1300348536185385	0.716235163656892	-0.5288304435432458	0.6198073708182489	1.44773096033333	-1.7875653879202458	1.622878480524913	0.8638099378582046	0.6672454178513606	-1.5947451783462447	-0.7262389341471894	-0.809093201549562	-0.746468231458026	0.5646561104109737	0.4936711240865359	0.1979592799698482	-0.2613194691426085	-1.6523582633698055	2.022963380998988	0.1353847355175168	-0.8750651434029384	-1.1597420454353515	0.2295241681823972	0.7566980735568705	1.4260768722728474	-2.160044423184283	0.119833070008577	-0.6012217380735386	0.383244532887814	0.2137151057976029	0.3095238443483211	1.222447458586713	-0.4763203722078866	0.3502463214132924	0.0115693116601175	0.8416212335729143	-0.2058308057019291	-2.5031972666378133	-1.2728340855266451	-0.2853387665130725	0.9818903991119532	-0.5377216491828647	1.0200762327862014	-0.4250925196181335	-0.4166655212801166	-0.0115693116601176	1.3455070738160948	-1.1447621646036692	0.8526631100135379	0.2693084792003651	0.0578775648112103	0.6769123962942973	-0.1276050449767611	-0.190100001084691	1.0872573835362356	1.23889437958136	0.7773995516089012	-1.470086007424494	-1.75068607125217
ENSG00000133216.16	-0.7063025628400874	-1.2728340855266451	-0.4335498147072649	0.2613194691426085	0.034714131630724	0.4250925196181335	1.5419862988544464	-0.3749571865725573	0.1120683267630459	0.3257475240477463	-0.933098272929634	-0.2613194691426085	-0.2853387665130725	-0.6672454178513608	0.119833070008577	0.3420574044903942	0.5466555687662384	2.0866136000540974	0.5920066223547552	-1.23889437958136	0.716235163656892	-0.2216127135254519	-0.0192829508957121	1.6833482640036084	-1.290367539673776	0.0501535834647336	0.2295241681823972	1.0734329147910218	0.5828415072712162	-1.3266775070350318	0.4763203722078865	-0.3584587932511938	1.1300348536185385	0.221612713525452	-0.333891361701239	0.0578775648112103	-0.3666955130421411	0.7262389341471894	0.886432309090155	-0.1744161009377025	0.2374500153774604	0.190100001084691	0.3176252338584812	-2.356228884885076	0.245390807323279	-1.966587642839119	1.3455070738160948	-0.1979592799698482	1.3648261673056925	-1.3648261673056918	-1.6833482640036077	0.7566980735568705	-1.3455070738160948	-0.4849774976336414	1.9158466693962373	1.255683429933113	-0.1587749900867137	0.5737250914765051	0.6480956661018107	1.033139839838658	-1.6523582633698055	-1.5947451783462447	0.657640395825224	2.3562288848850748	0.2137151057976029	-0.4676987991145082	-1.2063247253493694	-0.6866430509241719	1.5947451783462454	1.7506860712521692	0.696439159927908	1.20632472534937	-0.8638099378582048	-0.5111717913763268	0.9694761138489096	1.115548645864071	-0.5737250914765053	-0.696439159927908	0.8638099378582046	-1.1749867920660904	-0.2533471031357997	0.0038563607500417	-0.3176252338584813	-0.3257475240477464	-0.852663110013538	-2.160044423184283	-0.0888126939688978	0.5111717913763268	1.1012928299140692	-0.6012217380735386	-0.0578775648112101	1.827049629469658	-0.4763203722078866	-1.4050715603096329	-0.994457883209753	1.787565387920245	0.0115693116601175	-1.470086007424494	-0.3420574044903942
ENSG00000169641.13	-1.3455070738160948	-0.3915582848228038	-0.1509692154967772	2.3562288848850748	0.1043103344831641	-0.8979151835449687	0.2058308057019291	-0.9212439502193468	1.4700860074244937	0.0578775648112103	0.0733363561686278	-1.827049629469658	2.5031972666378124	0.8198393553985739	1.255683429933113	0.5199808490626915	0.9095176924325932	1.4260768722728474	1.0200762327862014	-2.7394693011353435	0.5466555687662384	0.0269977376590844	-1.6833482640036077	1.7506860712521692	-0.1744161009377025	0.7773995516089012	-0.933098272929634	0.7464682314580263	0.034714131630724	0.0888126939688977	0.190100001084691	-0.5737250914765053	1.059810609325424	0.2533471031357997	-1.290367539673776	-0.2137151057976028	0.1979592799698482	-0.5920066223547552	0.096558615289639	-0.5111717913763268	-0.886432309090155	0.0810720977640594	-0.034714131630724	-1.470086007424494	0.994457883209753	-2.356228884885076	0.716235163656892	0.2613194691426085	0.7063025628400874	-1.966587642839119	0.5111717913763268	-0.9818903991119536	-1.1012928299140692	0.4763203722078865	0.4676987991145084	0.1587749900867135	0.5288304435432458	-1.1905096133284865	0.8979151835449687	0.8638099378582046	-0.7566980735568707	-0.6866430509241719	-0.1431726287923528	0.9694761138489096	1.046382183092732	-0.809093201549562	-0.3666955130421411	-0.0810720977640595	0.2374500153774604	-0.2216127135254519	0.2853387665130725	0.7363159173761297	-0.5288304435432458	0.3584587932511938	-0.2773147150218403	1.290367539673776	-0.4420382345285433	-0.333891361701239	-0.5199808490626915	-0.3584587932511938	1.4050715603096329	-0.1353847355175167	0.8526631100135379	-0.852663110013538	-0.7773995516089012	0.4166655212801166	0.933098272929634	0.8306810290976713	-0.190100001084691	-0.7670077241545666	-1.4260768722728474	0.5646561104109737	-0.096558615289639	0.6672454178513606	0.4420382345285433	1.827049629469658	-0.5556333347222873	-0.6769123962942973	-1.8696066471189023
ENSG00000088280.18	0.0810720977640594	-0.1431726287923528	-0.1043103344831641	0.3420574044903942	0.034714131630724	0.3584587932511938	-0.0810720977640595	-0.2613194691426085	-1.3266775070350318	-0.6291806899198484	0.1979592799698482	0.3502463214132924	-0.5377216491828647	-2.160044423184283	-1.75068607125217	-1.059810609325424	-0.7670077241545666	-0.4250925196181335	0.6866430509241719	-0.1276050449767611	-1.4477309603333306	-0.2453908073232792	0.8638099378582046	-0.564656110410974	1.0200762327862014	-1.3846685297022652	0.7878760170254153	-0.6012217380735386	0.221612713525452	1.3455070738160948	-0.7262389341471894	1.1597420454353515	-0.2533471031357997	-0.4082680091714618	0.6480956661018107	1.4700860074244937	-1.2728340855266451	-0.0038563607500418	-0.6672454178513608	0.809093201549562	0.4849774976336413	0.166590451009206	0.1120683267630459	0.9818903991119532	-0.493671124086536	-0.3257475240477464	-0.3666955130421411	-1.3083069146403563	1.1749867920660904	1.1300348536185385	-0.9572094693644218	-1.5678202959084404	0.0733363561686278	-0.7063025628400874	0.957209469364422	0.657640395825224	-0.3584587932511938	-0.0578775648112101	-0.8979151835449687	-1.5947451783462447	0.6291806899198488	2.022963380998988	-0.5199808490626915	-0.6198073708182489	-0.0501535834647336	-1.3455070738160948	0.4166655212801166	-0.119833070008577	-0.5828415072712162	0.3014427191934921	0.4763203722078865	-1.517142265248579	0.2295241681823972	0.2773147150218403	1.2728340855266451	-0.3420574044903942	0.190100001084691	0.1043103344831641	0.6386096176206589	0.9095176924325932	-1.1447621646036692	1.8696066471189023	-1.290367539673776	1.517142265248579	1.059810609325424	1.0734329147910218	-0.9694761138489096	-0.8638099378582048	0.1276050449767611	2.160044423184284	-1.9158466693962373	0.0115693116601175	1.3846685297022652	1.9158466693962373	-0.1665904510092061	-2.0229633809989878	0.4591118518508645	0.450558625227596	1.827049629469658
ENSG00000117318.8	-0.6012217380735386	-0.0888126939688978	-0.6104881942258346	-1.6833482640036077	0.8750651434029384	0.6198073708182489	-0.4082680091714618	-1.827049629469658	0.8198393553985739	0.0888126939688977	-1.5947451783462447	0.0192829508957121	-0.3257475240477464	1.0734329147910218	-0.2773147150218403	-1.5419862988544464	1.5678202959084404	-0.5377216491828647	1.5419862988544464	-2.247385754686027	0.6291806899198488	-0.716235163656892	-2.7394693011353435	1.3846685297022652	-0.886432309090155	-1.0872573835362347	1.1300348536185385	1.20632472534937	-0.0115693116601176	1.6523582633698064	0.383244532887814	-0.4420382345285433	0.886432309090155	0.5288304435432458	-0.1822524470122185	0.5737250914765051	1.493200866451242	0.3095238443483211	0.7566980735568705	-1.966587642839119	-1.4477309603333306	-0.1509692154967772	0.8306810290976713	-0.1120683267630459	-2.5031972666378133	-0.8416212335729142	-1.1012928299140692	1.6833482640036084	1.1905096133284865	0.0810720977640594	-0.3749571865725573	-0.2216127135254519	-0.333891361701239	-0.119833070008577	-0.5024022233733555	1.96658764283912	-1.3455070738160948	-0.7063025628400874	-0.1665904510092061	-0.5466555687662383	-0.7670077241545666	0.0269977376590844	-1.0734329147910218	0.809093201549562	1.1749867920660904	-1.7875653879202458	-2.356228884885076	-0.0269977376590844	0.4763203722078865	-1.1597420454353515	-0.7566980735568707	-0.190100001084691	-0.5111717913763268	-0.2295241681823971	-0.6480956661018106	1.827049629469658	-0.0038563607500418	-0.6386096176206588	-0.8638099378582048	-0.450558625227596	1.4260768722728474	-0.6198073708182489	1.23889437958136	-1.059810609325424	-0.4763203722078866	0.7984396794697326	1.1447621646036683	-0.5556333347222873	2.3562288848850748	-1.3846685297022652	2.160044423184284	-0.0578775648112101	-0.9095176924325932	0.6480956661018107	0.0578775648112103	0.1587749900867135	-1.4932008664512426	0.7878760170254153	1.4700860074244937
ENSG00000142676.12	0.3014427191934921	0.1276050449767611	0.696439159927908	0.5737250914765051	-0.6291806899198484	-1.4050715603096329	-0.5024022233733555	1.059810609325424	0.1043103344831641	0.2613194691426085	-0.0269977376590844	1.1300348536185385	-0.1587749900867137	-1.3455070738160948	-0.8638099378582048	-0.1744161009377025	-0.716235163656892	-0.4591118518508644	-0.2773147150218403	0.809093201549562	-0.119833070008577	-1.0872573835362347	-0.3502463214132924	-0.3666955130421411	1.3846685297022652	-1.4260768722728474	0.7262389341471894	-0.8979151835449687	-0.0115693116601176	-0.4849774976336414	-1.827049629469658	0.6198073708182489	-0.3420574044903942	-0.1120683267630459	0.2295241681823972	-0.1509692154967772	0.1744161009377025	-0.6198073708182489	0.3998991895536145	0.9095176924325932	0.7984396794697326	-0.2453908073232792	0.1120683267630459	0.6769123962942973	-0.6104881942258346	1.2728340855266451	-1.3083069146403563	0.0733363561686278	-0.9818903991119536	0.3095238443483211	-0.2933812321211932	-1.115548645864071	0.2693084792003651	1.5419862988544464	-0.3915582848228038	-0.6672454178513608	-0.333891361701239	0.4591118518508645	0.8306810290976713	-0.450558625227596	1.8696066471189023	1.1012928299140692	-0.8416212335729142	-1.1597420454353515	0.0115693116601175	0.6291806899198488	-0.6480956661018106	0.6480956661018107	-0.5737250914765053	0.1509692154967774	1.20632472534937	-0.190100001084691	0.8638099378582046	0.886432309090155	0.1979592799698482	-1.966587642839119	0.3915582848228037	2.5031972666378124	-1.517142265248579	-0.0038563607500418	0.0269977376590844	1.0071844300291466	-0.3998991895536146	-0.564656110410974	0.3666955130421411	-0.0733363561686276	-0.5288304435432458	0.0578775648112103	1.3455070738160948	0.119833070008577	2.7394693011353426	-0.5466555687662383	0.6104881942258346	0.1822524470122185	-0.4420382345285433	-1.470086007424494	-0.809093201549562	1.0734329147910218	0.4335498147072649
ENSG00000011007.12	0.6866430509241719	1.493200866451242	0.4763203722078865	0.2613194691426085	-0.2453908073232792	-0.4676987991145082	-1.8696066471189023	0.6012217380735386	-0.8750651434029384	0.3420574044903942	1.046382183092732	0.4166655212801166	-1.7160447833608958	-0.7878760170254153	-1.966587642839119	2.5031972666378124	-1.0734329147910218	-0.6866430509241719	-0.5199808490626915	1.4050715603096329	-1.6833482640036077	-0.6291806899198484	1.5419862988544464	-0.5556333347222873	0.7262389341471894	-2.160044423184283	0.4936711240865359	-0.9818903991119536	0.7063025628400874	0.3749571865725574	-0.5377216491828647	0.8306810290976713	-0.3749571865725573	0.2933812321211934	0.3014427191934921	-0.1043103344831641	-1.059810609325424	-0.3502463214132924	-0.3257475240477464	1.4260768722728474	0.5920066223547552	0.9818903991119532	0.2137151057976029	1.1749867920660904	-2.247385754686027	1.5947451783462454	-2.0866136000540965	-1.4932008664512426	-1.517142265248579	1.222447458586713	0.0192829508957121	-0.8416212335729142	1.4700860074244937	0.8638099378582046	-1.827049629469658	-0.6672454178513608	-0.9450851920025288	-0.2374500153774605	-0.4335498147072649	-1.0071844300291466	-0.3014427191934919	0.5828415072712162	-0.5920066223547552	-0.8306810290976713	-1.290367539673776	1.6833482640036084	0.5466555687662384	1.115548645864071	-2.0229633809989878	-0.2295241681823971	2.247385754686025	-0.809093201549562	1.3648261673056925	0.1120683267630459	0.2853387665130725	-0.9572094693644218	1.3083069146403563	2.022963380998988	-0.5024022233733555	0.5199808490626915	-0.9694761138489096	0.7566980735568705	-0.886432309090155	0.7878760170254153	0.245390807323279	0.1353847355175168	-0.6769123962942973	-0.994457883209753	-0.6198073708182489	1.3455070738160948	-1.115548645864071	-2.5031972666378133	0.6480956661018107	0.9212439502193468	-0.4763203722078866	-0.2137151057976028	1.1012928299140692	0.3176252338584812	-0.0269977376590844
ENSG00000179163.11	0.7984396794697326	0.333891361701239	-0.2693084792003651	-1.6833482640036077	1.4700860074244937	1.6833482640036084	-0.8979151835449687	0.2693084792003651	-1.966587642839119	0.5556333347222874	0.8198393553985739	0.3666955130421411	1.23889437958136	-0.5828415072712162	-1.046382183092732	-0.2613194691426085	-0.0578775648112101	-2.160044423184283	-0.5920066223547552	-0.493671124086536	-1.1300348536185385	-0.0269977376590844	-0.0038563607500418	-1.6228784805249126	0.716235163656892	-1.0071844300291466	0.2933812321211934	-1.5947451783462447	0.5377216491828648	0.6012217380735386	-1.827049629469658	0.957209469364422	-1.4050715603096329	0.1744161009377025	0.6198073708182489	0.7566980735568705	-0.852663110013538	-1.3846685297022652	-0.994457883209753	-0.2058308057019291	1.20632472534937	-0.2137151057976028	1.96658764283912	1.44773096033333	-2.7394693011353435	1.1447621646036683	-0.7773995516089012	-0.6866430509241719	-0.5737250914765053	0.383244532887814	0.7878760170254153	2.3562288848850748	-0.6104881942258346	-0.2773147150218403	-0.8306810290976713	0.1276050449767611	-0.119833070008577	0.0038563607500417	-0.6198073708182489	-0.7878760170254153	-0.4166655212801166	1.033139839838658	-0.6480956661018106	-1.1447621646036692	-0.8750651434029384	0.4591118518508645	0.1431726287923529	0.2374500153774604	-1.1749867920660904	-0.5111717913763268	0.190100001084691	-0.1665904510092061	0.3584587932511938	1.1012928299140692	2.022963380998988	-0.746468231458026	0.9450851920025288	1.7506860712521692	1.0071844300291466	1.1749867920660904	-1.23889437958136	0.8750651434029384	-0.9694761138489096	0.696439159927908	0.7363159173761297	1.1300348536185385	-0.809093201549562	-0.3095238443483213	-0.886432309090155	-0.4335498147072649	-0.450558625227596	-1.3455070738160948	0.119833070008577	0.657640395825224	0.1353847355175168	-1.8696066471189023	0.9212439502193468	0.2773147150218403	0.4676987991145084
ENSG00000188529.14	0.6291806899198488	0.7262389341471894	0.5556333347222874	2.022963380998988	0.716235163656892	-1.23889437958136	0.0888126939688977	1.6833482640036084	2.160044423184284	0.6480956661018107	2.7394693011353426	0.0038563607500417	1.1447621646036683	-0.1120683267630459	1.5947451783462454	0.4936711240865359	-0.7984396794697326	0.6012217380735386	-2.0866136000540965	1.0734329147910218	-0.2295241681823971	0.119833070008577	-0.1587749900867137	-0.9694761138489096	2.247385754686025	1.4260768722728474	-0.2853387665130725	-0.8416212335729142	0.2058308057019291	0.0501535834647336	1.4050715603096329	1.222447458586713	-0.1979592799698482	1.1905096133284865	0.4676987991145084	-0.746468231458026	-0.8638099378582048	1.517142265248579	-0.1509692154967772	-0.5466555687662383	-0.1431726287923528	-1.5419862988544464	-0.5377216491828647	0.5646561104109737	2.5031972666378124	0.3095238443483211	0.4082680091714616	-1.6523582633698055	0.8750651434029384	0.933098272929634	0.5920066223547552	1.493200866451242	1.96658764283912	1.44773096033333	-0.6104881942258346	0.3749571865725574	-0.5288304435432458	-0.9450851920025288	-1.4260768722728474	-0.7878760170254153	-0.852663110013538	0.0810720977640594	-0.7063025628400874	-1.3648261673056918	-0.994457883209753	1.7506860712521692	0.1744161009377025	-0.096558615289639	0.3502463214132924	-1.6833482640036077	-1.5678202959084404	0.1979592799698482	0.383244532887814	0.4763203722078865	-0.3176252338584813	-0.119833070008577	0.8638099378582046	-2.247385754686027	-0.8306810290976713	0.2374500153774604	-0.1665904510092061	-0.9818903991119536	-1.1597420454353515	1.0200762327862014	0.994457883209753	-0.6386096176206588	-2.0229633809989878	-0.333891361701239	-1.3083069146403563	0.809093201549562	-2.160044423184283	0.9818903991119532	0.8198393553985739	0.1276050449767611	0.6198073708182489	-0.4335498147072649	-0.886432309090155	0.245390807323279	1.1300348536185385
ENSG00000169504.14	-1.4932008664512426	0.0424325931613663	-0.5920066223547552	1.046382183092732	-0.7063025628400874	-1.517142265248579	0.5737250914765051	-0.4763203722078866	1.0200762327862014	0.0888126939688977	-0.0424325931613663	-1.75068607125217	0.5828415072712162	1.6833482640036084	1.20632472534937	0.4676987991145084	0.8526631100135379	2.160044423184284	1.115548645864071	-0.4082680091714618	1.9158466693962373	0.3420574044903942	-0.2773147150218403	0.994457883209753	-0.1431726287923528	0.933098272929634	-0.696439159927908	0.5288304435432458	-0.0810720977640595	-0.6576403958252243	0.3749571865725574	-0.5828415072712162	1.7160447833608958	-0.1353847355175167	-0.746468231458026	-2.247385754686027	0.9095176924325932	0.2058308057019291	0.2853387665130725	-0.6012217380735386	-0.852663110013538	0.4591118518508645	-0.7670077241545666	-1.6228784805249126	1.7506860712521692	-1.1012928299140692	1.033139839838658	1.1597420454353515	1.290367539673776	-1.115548645864071	-0.1979592799698482	0.0578775648112103	-0.5377216491828647	0.3176252338584812	0.6769123962942973	0.221612713525452	0.190100001084691	-1.7875653879202458	2.022963380998988	0.6386096176206589	-0.450558625227596	-1.2224474585867124	0.6672454178513606	1.059810609325424	0.7984396794697326	0.1587749900867135	0.1353847355175168	-0.3420574044903942	0.1822524470122185	0.0501535834647336	0.3502463214132924	2.5031972666378124	-0.2933812321211932	0.119833070008577	-1.5678202959084404	0.5466555687662384	-0.119833070008577	-0.1043103344831641	-2.7394693011353435	-1.3266775070350318	1.1905096133284865	-0.994457883209753	1.1012928299140692	-1.2063247253493694	-0.933098272929634	-0.4166655212801166	1.4050715603096329	0.3014427191934921	0.7262389341471894	-0.7984396794697326	1.1749867920660904	1.1300348536185385	-0.6672454178513608	-0.0269977376590844	0.886432309090155	1.827049629469658	-0.2216127135254519	-1.4260768722728474	-1.6833482640036077
ENSG00000117643.14	-0.2773147150218403	-0.3832445328878139	-0.696439159927908	-0.1353847355175167	-2.247385754686027	-0.9095176924325932	1.4260768722728474	-0.4763203722078866	1.2728340855266451	-0.4166655212801166	-0.9694761138489096	-0.5024022233733555	-1.5947451783462447	0.6012217380735386	1.255683429933113	0.5288304435432458	0.933098272929634	1.046382183092732	1.290367539673776	-0.6672454178513608	0.3998991895536145	0.450558625227596	0.0192829508957121	2.7394693011353426	-2.7394693011353435	0.9450851920025288	-0.4250925196181335	1.8696066471189023	-0.5466555687662383	-1.6833482640036077	0.657640395825224	-0.9212439502193468	2.5031972666378124	0.0269977376590844	-0.1822524470122185	-0.746468231458026	0.8526631100135379	0.5646561104109737	0.5920066223547552	0.0038563607500417	-0.3915582848228038	0.2933812321211934	-0.333891361701239	-1.470086007424494	1.0734329147910218	-0.8198393553985739	1.827049629469658	1.7506860712521692	0.7984396794697326	-0.4420382345285433	-0.4082680091714618	-0.994457883209753	-0.1120683267630459	0.3095238443483211	1.1012928299140692	0.1120683267630459	-0.6012217380735386	-0.0269977376590844	2.160044423184284	0.6480956661018107	-0.8416212335729142	-0.886432309090155	0.6386096176206589	1.5947451783462454	1.3648261673056925	-0.564656110410974	-0.4849774976336414	-0.7878760170254153	1.1749867920660904	0.7363159173761297	-0.2137151057976028	1.622878480524913	-0.2453908073232792	0.4849774976336413	-1.115548645864071	1.3266775070350318	0.1979592799698482	0.0578775648112103	-1.517142265248579	-1.1012928299140692	0.8979151835449687	-0.0810720977640595	0.809093201549562	-0.7566980735568707	-1.033139839838658	-1.046382183092732	2.3562288848850748	-0.119833070008577	1.6833482640036084	-0.6291806899198484	0.8750651434029384	1.6523582633698064	-0.0656050007226638	-0.8979151835449687	0.3666955130421411	1.5678202959084404	-0.034714131630724	-0.7063025628400874	-0.8638099378582048
ENSG00000117632.22	0.886432309090155	-0.7363159173761294	-1.3648261673056918	-0.6104881942258346	2.7394693011353426	0.2374500153774604	1.1905096133284865	-2.160044423184283	-0.5556333347222873	-0.4082680091714618	0.5737250914765051	1.1597420454353515	0.8638099378582046	0.190100001084691	0.1822524470122185	-1.290367539673776	-0.3998991895536146	0.119833070008577	0.2853387665130725	-1.23889437958136	0.6672454178513606	-0.8306810290976713	0.0038563607500417	-0.6291806899198484	-0.119833070008577	-0.190100001084691	0.8526631100135379	-1.0071844300291466	1.1012928299140692	1.255683429933113	0.994457883209753	-1.6523582633698055	-0.9818903991119536	1.96658764283912	2.022963380998988	0.8416212335729143	-0.1665904510092061	0.1120683267630459	0.7262389341471894	1.3083069146403563	-0.8638099378582048	-0.5199808490626915	0.7670077241545666	1.6523582633698064	-0.1587749900867137	1.827049629469658	-0.2453908073232792	0.2058308057019291	-0.493671124086536	0.6866430509241719	0.809093201549562	0.9450851920025288	-1.75068607125217	-1.6228784805249126	-0.1822524470122185	0.4936711240865359	-0.5377216491828647	0.7984396794697326	0.2693084792003651	-0.0578775648112101	-0.0656050007226638	-0.2613194691426085	0.221612713525452	0.3584587932511938	0.2613194691426085	-0.3502463214132924	-1.2556834299331134	0.5466555687662384	0.7878760170254153	-0.5466555687662383	-0.0038563607500418	0.716235163656892	-1.046382183092732	1.0071844300291466	0.5111717913763268	-0.4250925196181335	1.033139839838658	-0.096558615289639	-0.1120683267630459	0.6104881942258346	-0.3095238443483213	1.046382183092732	-0.3176252338584813	-1.3266775070350318	-0.0888126939688978	0.7566980735568705	-0.2374500153774605	0.1979592799698482	0.4763203722078865	0.4335498147072649	1.20632472534937	0.9694761138489096	0.0733363561686278	0.5377216491828648	0.4849774976336413	0.0501535834647336	1.6833482640036084	0.383244532887814	0.657640395825224
